"FREQ","C3(2)"
10,-38.1503
10.23292992,-37.7542
10.47128548,-37.3581
10.71519305,-36.9621
10.96478196,-36.566
11.22018454,-36.17
11.48153621,-35.774
11.74897555,-35.378
12.02264435,-34.9821
12.30268771,-34.5862
12.58925412,-34.1904
12.88249552,-33.7947
13.18256739,-33.3991
13.48962883,-33.0035
13.80384265,-32.6081
14.12537545,-32.2127
14.45439771,-31.8175
14.79108388,-31.4224
15.13561248,-31.0275
15.48816619,-30.6327
15.84893192,-30.2381
16.21810097,-29.8436
16.59586907,-29.4493
16.98243652,-29.0552
17.37800829,-28.6614
17.7827941,-28.2677
18.19700859,-27.8742
18.62087137,-27.4811
19.05460718,-27.0881
19.498446,-26.6954
19.95262315,-26.3031
20.41737945,-25.911
20.89296131,-25.5192
21.3796209,-25.1277
21.87761624,-24.7366
22.38721139,-24.3459
22.90867653,-23.9555
23.44228815,-23.5656
23.98832919,-23.176
24.54708916,-22.7869
25.11886432,-22.3982
25.70395783,-22.01
26.30267992,-21.6223
26.91534804,-21.2351
27.54228703,-20.8485
28.18382931,-20.4624
28.84031503,-20.0769
29.51209227,-19.692
30.1995172,-19.3078
30.90295433,-18.9242
31.6227766,-18.5413
32.35936569,-18.1591
33.11311215,-17.7776
33.88441561,-17.397
34.67368505,-17.0171
35.48133892,-16.6381
36.30780548,-16.2599
37.15352291,-15.8826
38.01893963,-15.5063
38.9045145,-15.131
39.81071706,-14.7566
40.73802778,-14.3833
41.68693835,-14.011
42.65795188,-13.6399
43.65158322,-13.2699
44.66835922,-12.9011
45.70881896,-12.5335
46.77351413,-12.1671
47.86300923,-11.8021
48.97788194,-11.4384
50.11872336,-11.0761
51.2861384,-10.7153
52.48074602,-10.3558
53.70317964,-9.99793
54.95408739,-9.64157
56.23413252,-9.28679
57.54399373,-8.93364
58.88436554,-8.58216
60.25595861,-8.23239
61.65950019,-7.88437
63.09573445,-7.53813
64.5654229,-7.19372
66.0693448,-6.85118
67.60829754,-6.51053
69.18309709,-6.17183
70.79457844,-5.83509
72.44359601,-5.50037
74.13102413,-5.16768
75.8577575,-4.83706
77.62471166,-4.50854
79.43282347,-4.18215
81.28305162,-3.85791
83.17637711,-3.53585
85.11380382,-3.216
87.096359,-2.89836
89.12509381,-2.58296
91.20108394,-2.26982
93.32543008,-1.95894
95.4992586,-1.65035
97.7237221,-1.34405
100,-1.04004
102.3292992,-0.738339
104.7128548,-0.438938
107.1519305,-0.14184
109.6478196,0.152958
112.2018454,0.445462
114.8153621,0.735678
117.4897555,1.02362
120.2264435,1.30929
123.0268771,1.59272
125.8925412,1.87391
128.8249552,2.15289
131.8256739,2.42967
134.8962883,2.70429
138.0384265,2.97676
141.2537545,3.24711
144.5439771,3.51537
147.9108388,3.78157
151.3561248,4.04574
154.8816619,4.30792
158.4893192,4.56814
162.1810097,4.82643
165.9586907,5.08283
169.8243652,5.33737
173.7800829,5.5901
177.827941,5.84106
181.9700859,6.09028
186.2087137,6.3378
190.5460718,6.58366
194.98446,6.8279
199.5262315,7.07057
204.1737945,7.3117
208.9296131,7.55134
213.796209,7.78951
218.7761624,8.02628
223.8721139,8.26166
229.0867653,8.49572
234.4228815,8.72847
239.8832919,8.95996
245.4708916,9.19024
251.1886432,9.41933
257.0395783,9.64728
263.0267992,9.87411
269.1534804,10.0999
275.4228703,10.3246
281.8382931,10.5483
288.4031503,10.7711
295.1209227,10.9929
301.995172,11.2138
309.0295433,11.4338
316.227766,11.653
323.5936569,11.8714
331.1311215,12.0889
338.8441561,12.3057
346.7368505,12.5218
354.8133892,12.7372
363.0780548,12.9519
371.5352291,13.1659
380.1893963,13.3793
389.045145,13.5921
398.1071706,13.8043
407.3802778,14.0159
416.8693835,14.227
426.5795188,14.4375
436.5158322,14.6476
446.6835922,14.8571
457.0881896,15.0662
467.7351413,15.2748
478.6300923,15.4829
489.7788194,15.6906
501.1872336,15.8979
512.861384,16.1048
524.8074602,16.3113
537.0317964,16.5175
549.5408739,16.7232
562.3413252,16.9286
575.4399373,17.1337
588.8436554,17.3384
602.5595861,17.5428
616.5950019,17.7468
630.9573445,17.9506
645.654229,18.1541
660.693448,18.3572
676.0829754,18.5601
691.8309709,18.7627
707.9457844,18.965
724.4359601,19.167
741.3102413,19.3687
758.577575,19.5702
776.2471166,19.7714
794.3282347,19.9723
812.8305162,20.173
831.7637711,20.3734
851.1380382,20.5736
870.96359,20.7735
891.2509381,20.9731
912.0108394,21.1725
933.2543008,21.3716
954.992586,21.5704
977.237221,21.769
1000,21.9673
1023.292992,22.1653
1047.128548,22.3631
1071.519305,22.5606
1096.478196,22.7578
1122.018454,22.9547
1148.153621,23.1513
1174.897555,23.3476
1202.264435,23.5436
1230.268771,23.7392
1258.925412,23.9346
1288.249552,24.1296
1318.256739,24.3242
1348.962883,24.5185
1380.384265,24.7125
1412.537545,24.906
1445.439771,25.0992
1479.108388,25.292
1513.561248,25.4844
1548.816619,25.6763
1584.893192,25.8678
1621.810097,26.0588
1659.586907,26.2494
1698.243652,26.4394
1737.800829,26.629
1778.27941,26.818
1819.700859,27.0065
1862.087137,27.1944
1905.460718,27.3817
1949.8446,27.5684
1995.262315,27.7545
2041.737945,27.94
2089.296131,28.1247
2137.96209,28.3088
2187.761624,28.4921
2238.721139,28.6747
2290.867653,28.8564
2344.228815,29.0374
2398.832919,29.2175
2454.708916,29.3968
2511.886432,29.5752
2570.395783,29.7526
2630.267992,29.9291
2691.534804,30.1045
2754.228703,30.279
2818.382931,30.4523
2884.031503,30.6246
2951.209227,30.7957
3019.95172,30.9656
3090.295433,31.1344
3162.27766,31.3019
3235.936569,31.4681
3311.311215,31.6329
3388.441561,31.7964
3467.368505,31.9585
3548.133892,32.1191
3630.780548,32.2783
3715.352291,32.4359
3801.893963,32.5919
3890.45145,32.7464
3981.071706,32.8992
4073.802778,33.0503
4168.693835,33.1996
4265.795188,33.3472
4365.158322,33.493
4466.835922,33.637
4570.881896,33.779
4677.351413,33.9192
4786.300923,34.0573
4897.788194,34.1935
5011.872336,34.3277
5128.61384,34.4598
5248.074602,34.5899
5370.317964,34.7178
5495.408739,34.8435
5623.413252,34.9672
5754.399373,35.0886
5888.436554,35.2078
6025.595861,35.3248
6165.950019,35.4395
6309.573445,35.552
6456.54229,35.6622
6606.93448,35.7701
6760.829754,35.8757
6918.309709,35.979
7079.457844,36.08
7244.359601,36.1787
7413.102413,36.2751
7585.77575,36.3692
7762.471166,36.461
7943.282347,36.5506
8128.305162,36.6378
8317.637711,36.7228
8511.380382,36.8056
8709.6359,36.8861
8912.509381,36.9644
9120.108394,37.0406
9332.543008,37.1145
9549.92586,37.1864
9772.37221,37.2561
10000,37.3238
10232.92992,37.3894
10471.28548,37.453
10715.19305,37.5146
10964.78196,37.5743
11220.18454,37.632
11481.53621,37.6879
11748.97555,37.742
12022.64435,37.7942
12302.68771,37.8447
12589.25412,37.8935
12882.49552,37.9406
13182.56739,37.9861
13489.62883,38.0299
13803.84265,38.0722
14125.37545,38.113
14454.39771,38.1523
14791.08388,38.1902
15135.61248,38.2267
15488.16619,38.2618
15848.93192,38.2956
16218.10097,38.3282
16595.86907,38.3595
16982.43652,38.3896
17378.00829,38.4186
17782.7941,38.4464
18197.00859,38.4731
18620.87137,38.4988
19054.60718,38.5235
19498.446,38.5472
19952.62315,38.57
20417.37945,38.5918
20892.96131,38.6128
21379.6209,38.6329
21877.61624,38.6522
22387.21139,38.6707
22908.67653,38.6885
23442.28815,38.7055
23988.32919,38.7218
24547.08916,38.7374
25118.86432,38.7524
25703.95783,38.7668
26302.67992,38.7805
26915.34804,38.7937
27542.28703,38.8063
28183.82931,38.8184
28840.31503,38.83
29512.09227,38.8411
30199.5172,38.8517
30902.95433,38.8619
31622.7766,38.8716
32359.36569,38.8809
33113.11215,38.8898
33884.41561,38.8983
34673.68505,38.9065
35481.33892,38.9143
36307.80548,38.9218
37153.52291,38.9289
38018.93963,38.9357
38904.5145,38.9423
39810.71706,38.9485
40738.02778,38.9545
41686.93835,38.9602
42657.95188,38.9657
43651.58322,38.9709
44668.35922,38.9759
45708.81896,38.9807
46773.51413,38.9852
47863.00923,38.9896
48977.88194,38.9938
50118.72336,38.9978
51286.1384,39.0016
52480.74602,39.0052
53703.17964,39.0087
54954.08739,39.012
56234.13252,39.0152
57543.99373,39.0182
58884.36554,39.0211
60255.95861,39.0239
61659.50019,39.0266
63095.73445,39.0291
64565.4229,39.0315
66069.3448,39.0338
67608.29754,39.036
69183.09709,39.0382
70794.57844,39.0402
72443.59601,39.0421
74131.02413,39.0439
75857.7575,39.0457
77624.71166,39.0474
79432.82347,39.049
81283.05162,39.0505
83176.37711,39.052
85113.80382,39.0534
87096.359,39.0547
89125.09381,39.056
91201.08394,39.0572
93325.43008,39.0584
95499.2586,39.0595
97723.7221,39.0606
100000,39.0616
102329.2992,39.0625
104712.8548,39.0635
107151.9305,39.0643
109647.8196,39.0652
112201.8454,39.066
114815.3621,39.0668
117489.7555,39.0675
120226.4435,39.0682
123026.8771,39.0689
125892.5412,39.0695
128824.9552,39.0701
131825.6739,39.0707
134896.2883,39.0712
138038.4265,39.0718
141253.7545,39.0723
144543.9771,39.0728
147910.8388,39.0732
151356.1248,39.0737
154881.6619,39.0741
158489.3192,39.0745
162181.0097,39.0749
165958.6907,39.0752
169824.3652,39.0756
173780.0829,39.0759
177827.941,39.0762
181970.0859,39.0765
186208.7137,39.0768
190546.0718,39.0771
194984.46,39.0773
199526.2315,39.0776
204173.7945,39.0778
208929.6131,39.078
213796.209,39.0782
218776.1624,39.0784
223872.1139,39.0786
229086.7653,39.0788
234422.8815,39.0789
239883.2919,39.0791
245470.8916,39.0793
251188.6432,39.0794
257039.5783,39.0795
263026.7992,39.0797
269153.4804,39.0798
275422.8703,39.0799
281838.2931,39.08
288403.1503,39.0801
295120.9227,39.0802
301995.172,39.0803
309029.5433,39.0803
316227.766,39.0804
323593.6569,39.0805
331131.1215,39.0805
338844.1561,39.0806
346736.8505,39.0806
354813.3892,39.0807
363078.0548,39.0807
371535.2291,39.0807
380189.3963,39.0808
389045.145,39.0808
398107.1706,39.0808
407380.2778,39.0808
416869.3835,39.0808
426579.5188,39.0808
436515.8322,39.0808
446683.5922,39.0808
457088.1896,39.0808
467735.1413,39.0807
478630.0923,39.0807
489778.8194,39.0807
501187.2336,39.0806
512861.384,39.0806
524807.4602,39.0806
537031.7964,39.0805
549540.8739,39.0804
562341.3252,39.0804
575439.9373,39.0803
588843.6554,39.0802
602559.5861,39.0801
616595.0019,39.08
630957.3445,39.0799
645654.229,39.0798
660693.448,39.0797
676082.9754,39.0796
691830.9709,39.0795
707945.7844,39.0793
724435.9601,39.0792
741310.2413,39.079
758577.575,39.0789
776247.1166,39.0787
794328.2347,39.0785
812830.5162,39.0783
831763.7711,39.0781
851138.0382,39.0779
870963.59,39.0777
891250.9381,39.0774
912010.8394,39.0772
933254.3008,39.0769
954992.586,39.0766
977237.221,39.0763
1000000,39.076
1023292.992,39.0757
1047128.548,39.0754
1071519.305,39.075
1096478.196,39.0747
1122018.454,39.0743
1148153.621,39.0739
1174897.555,39.0734
1202264.435,39.073
1230268.771,39.0725
1258925.412,39.072
1288249.552,39.0715
1318256.739,39.071
1348962.883,39.0704
1380384.265,39.0698
1412537.545,39.0692
1445439.771,39.0685
1479108.388,39.0678
1513561.248,39.0671
1548816.619,39.0664
1584893.192,39.0656
1621810.097,39.0647
1659586.907,39.0639
1698243.652,39.063
1737800.829,39.062
1778279.41,39.061
1819700.859,39.06
1862087.137,39.0589
1905460.718,39.0578
1949844.6,39.0566
1995262.315,39.0553
2041737.945,39.054
2089296.131,39.0526
2137962.09,39.0512
2187761.624,39.0497
2238721.139,39.0481
2290867.653,39.0465
2344228.815,39.0448
2398832.919,39.043
2454708.916,39.0411
2511886.432,39.0391
2570395.783,39.037
2630267.992,39.0349
2691534.804,39.0326
2754228.703,39.0302
2818382.931,39.0278
2884031.503,39.0252
2951209.227,39.0224
3019951.72,39.0196
3090295.433,39.0166
3162277.66,39.0135
3235936.569,39.0103
3311311.215,39.0068
3388441.561,39.0033
3467368.505,38.9995
3548133.892,38.9956
3630780.548,38.9916
3715352.291,38.9873
3801893.963,38.9828
3890451.45,38.9781
3981071.706,38.9732
4073802.778,38.9681
4168693.835,38.9628
4265795.188,38.9572
4365158.322,38.9513
4466835.922,38.9452
4570881.896,38.9388
4677351.413,38.9321
4786300.923,38.9251
4897788.194,38.9178
5011872.336,38.9102
5128613.84,38.9022
5248074.602,38.8938
5370317.964,38.8851
5495408.739,38.876
5623413.252,38.8665
5754399.373,38.8565
5888436.554,38.8461
6025595.861,38.8352
6165950.019,38.8239
6309573.445,38.812
6456542.29,38.7997
6606934.48,38.7868
6760829.754,38.7733
6918309.709,38.7592
7079457.844,38.7445
7244359.601,38.7292
7413102.413,38.7132
7585775.75,38.6965
7762471.166,38.6791
7943282.347,38.6609
8128305.162,38.642
8317637.711,38.6223
8511380.382,38.6017
8709635.9,38.5803
8912509.381,38.5579
9120108.394,38.5347
9332543.008,38.5105
9549925.86,38.4852
9772372.21,38.459
10000000,38.4317
10232929.92,38.4033
10471285.48,38.3737
10715193.05,38.343
10964781.96,38.311
11220184.54,38.2778
11481536.21,38.2433
11748975.55,38.2074
12022644.35,38.1702
12302687.71,38.1316
12589254.12,38.0915
12882495.52,38.0499
13182567.39,38.0068
13489628.83,37.962
13803842.65,37.9157
14125375.45,37.8677
14454397.71,37.8181
14791083.88,37.7666
15135612.48,37.7134
15488166.19,37.6584
15848931.92,37.6016
16218100.97,37.5428
16595869.07,37.4821
16982436.52,37.4194
17378008.29,37.3548
17782794.1,37.2881
18197008.59,37.2194
18620871.37,37.1485
19054607.18,37.0756
19498446,37.0004
19952623.15,36.9232
20417379.45,36.8437
20892961.31,36.762
21379620.9,36.6781
21877616.24,36.5919
22387211.39,36.5035
22908676.53,36.4128
23442288.15,36.3198
23988329.19,36.2245
24547089.16,36.1269
25118864.32,36.027
25703957.83,35.9248
26302679.92,35.8203
26915348.04,35.7135
27542287.03,35.6044
28183829.31,35.4931
28840315.03,35.3795
29512092.27,35.2636
30199517.2,35.1455
30902954.33,35.0252
31622776.6,34.9026
32359365.69,34.778
33113112.15,34.6511
33884415.61,34.5222
34673685.05,34.3911
35481338.92,34.258
36307805.48,34.1228
37153522.91,33.9857
38018939.63,33.8466
38904514.5,33.7055
39810717.06,33.5626
40738027.78,33.4178
41686938.35,33.2712
42657951.88,33.1228
43651583.22,32.9727
44668359.22,32.8208
45708818.96,32.6673
46773514.13,32.5122
47863009.23,32.3555
48977881.94,32.1973
50118723.36,32.0376
51286138.4,31.8764
52480746.02,31.7138
53703179.64,31.5498
54954087.39,31.3845
56234132.52,31.2179
57543993.73,31.0501
58884365.54,30.881
60255958.61,30.7107
61659500.19,30.5393
63095734.45,30.3668
64565422.9,30.1933
66069344.8,30.0187
67608297.54,29.8431
69183097.09,29.6666
70794578.44,29.4891
72443596.01,29.3107
74131024.13,29.1315
75857757.5,28.9514
77624711.66,28.7706
79432823.47,28.5889
81283051.62,28.4066
83176377.11,28.2235
85113803.82,28.0397
87096359,27.8553
89125093.81,27.6702
91201083.94,27.4845
93325430.08,27.2983
95499258.6,27.1115
97723722.1,26.9241
100000000,26.7363
102329299.2,26.5479
104712854.8,26.3591
107151930.5,26.1698
109647819.6,25.9801
112201845.4,25.79
114815362.1,25.5995
117489755.5,25.4086
120226443.5,25.2173
123026877.1,25.0257
125892541.2,24.8338
128824955.2,24.6415
131825673.9,24.449
134896288.3,24.2561
138038426.5,24.063
141253754.5,23.8696
144543977.1,23.676
147910838.8,23.4822
151356124.8,23.2881
154881661.9,23.0939
158489319.2,22.8994
162181009.7,22.7047
165958690.7,22.5099
169824365.2,22.3149
173780082.9,22.1198
177827941,21.9245
181970085.9,21.729
186208713.7,21.5335
190546071.8,21.3378
194984460,21.142
199526231.5,20.9461
204173794.5,20.7501
208929613.1,20.554
213796209,20.3579
218776162.4,20.1617
223872113.9,19.9654
229086765.3,19.7691
234422881.5,19.5727
239883291.9,19.3763
245470891.6,19.1799
251188643.2,18.9834
257039578.3,18.7869
263026799.2,18.5904
269153480.4,18.3939
275422870.3,18.1975
281838293.1,18.001
288403150.3,17.8045
295120922.7,17.6081
301995172,17.4117
309029543.3,17.2154
316227766,17.0191
323593656.9,16.8229
331131121.5,16.6267
338844156.1,16.4306
346736850.5,16.2346
354813389.2,16.0387
363078054.8,15.8428
371535229.1,15.6471
380189396.3,15.4515
389045145,15.256
398107170.6,15.0607
407380277.8,14.8655
416869383.5,14.6704
426579518.8,14.4755
436515832.2,14.2808
446683592.2,14.0863
457088189.6,13.8919
467735141.3,13.6978
478630092.3,13.5039
489778819.4,13.3102
501187233.6,13.1167
512861384,12.9235
524807460.2,12.7306
537031796.4,12.5379
549540873.9,12.3456
562341325.2,12.1535
575439937.3,11.9618
588843655.4,11.7704
602559586.1,11.5794
616595001.9,11.3887
630957344.5,11.1985
645654229,11.0086
660693448,10.8192
676082975.4,10.6302
691830970.9,10.4417
707945784.4,10.2536
724435960.1,10.0661
741310241.3,9.8791
758577575,9.69265
776247116.6,9.50678
794328234.7,9.32151
812830516.2,9.13686
831763771.1,8.95287
851138038.2,8.76955
870963590,8.58693
891250938.1,8.40505
912010839.4,8.22393
933254300.8,8.0436
954992586,7.86409
977237221,7.68544
1000000000,7.50767
1000000000,7.50767
