"FREQ","C2(2)"
10,-57.1532
10.23292992,-56.9532
10.47128548,-56.7532
10.71519305,-56.5532
10.96478196,-56.3532
11.22018454,-56.1532
11.48153621,-55.9532
11.74897555,-55.7532
12.02264435,-55.5532
12.30268771,-55.3532
12.58925412,-55.1532
12.88249552,-54.9532
13.18256739,-54.7532
13.48962883,-54.5532
13.80384265,-54.3532
14.12537545,-54.1532
14.45439771,-53.9532
14.79108388,-53.7532
15.13561248,-53.5532
15.48816619,-53.3532
15.84893192,-53.1532
16.21810097,-52.9532
16.59586907,-52.7532
16.98243652,-52.5532
17.37800829,-52.3532
17.7827941,-52.1532
18.19700859,-51.9532
18.62087137,-51.7532
19.05460718,-51.5532
19.498446,-51.3532
19.95262315,-51.1532
20.41737945,-50.9532
20.89296131,-50.7532
21.3796209,-50.5532
21.87761624,-50.3532
22.38721139,-50.1532
22.90867653,-49.9532
23.44228815,-49.7532
23.98832919,-49.5532
24.54708916,-49.3532
25.11886432,-49.1532
25.70395783,-48.9532
26.30267992,-48.7532
26.91534804,-48.5532
27.54228703,-48.3532
28.18382931,-48.1532
28.84031503,-47.9532
29.51209227,-47.7532
30.1995172,-47.5532
30.90295433,-47.3532
31.6227766,-47.1533
32.35936569,-46.9533
33.11311215,-46.7533
33.88441561,-46.5533
34.67368505,-46.3533
35.48133892,-46.1533
36.30780548,-45.9533
37.15352291,-45.7533
38.01893963,-45.5533
38.9045145,-45.3533
39.81071706,-45.1533
40.73802778,-44.9533
41.68693835,-44.7533
42.65795188,-44.5533
43.65158322,-44.3533
44.66835922,-44.1533
45.70881896,-43.9533
46.77351413,-43.7534
47.86300923,-43.5534
48.97788194,-43.3534
50.11872336,-43.1534
51.2861384,-42.9534
52.48074602,-42.7534
53.70317964,-42.5534
54.95408739,-42.3534
56.23413252,-42.1534
57.54399373,-41.9535
58.88436554,-41.7535
60.25595861,-41.5535
61.65950019,-41.3535
63.09573445,-41.1535
64.5654229,-40.9535
66.0693448,-40.7535
67.60829754,-40.5536
69.18309709,-40.3536
70.79457844,-40.1536
72.44359601,-39.9536
74.13102413,-39.7536
75.8577575,-39.5537
77.62471166,-39.3537
79.43282347,-39.1537
81.28305162,-38.9537
83.17637711,-38.7538
85.11380382,-38.5538
87.096359,-38.3538
89.12509381,-38.1538
91.20108394,-37.9539
93.32543008,-37.7539
95.4992586,-37.5539
97.7237221,-37.354
100,-37.154
102.3292992,-36.9541
104.7128548,-36.7541
107.1519305,-36.5541
109.6478196,-36.3542
112.2018454,-36.1542
114.8153621,-35.9543
117.4897555,-35.7543
120.2264435,-35.5544
123.0268771,-35.3545
125.8925412,-35.1545
128.8249552,-34.9546
131.8256739,-34.7547
134.8962883,-34.5547
138.0384265,-34.3548
141.2537545,-34.1549
144.5439771,-33.955
147.9108388,-33.755
151.3561248,-33.5551
154.8816619,-33.3552
158.4893192,-33.1553
162.1810097,-32.9554
165.9586907,-32.7555
169.8243652,-32.5556
173.7800829,-32.3558
177.827941,-32.1559
181.9700859,-31.956
186.2087137,-31.7561
190.5460718,-31.5563
194.98446,-31.3564
199.5262315,-31.1566
204.1737945,-30.9567
208.9296131,-30.7569
213.796209,-30.5571
218.7761624,-30.3573
223.8721139,-30.1575
229.0867653,-29.9577
234.4228815,-29.7579
239.8832919,-29.5581
245.4708916,-29.3583
251.1886432,-29.1586
257.0395783,-28.9588
263.0267992,-28.7591
269.1534804,-28.5594
275.4228703,-28.3597
281.8382931,-28.16
288.4031503,-27.9603
295.1209227,-27.7606
301.995172,-27.561
309.0295433,-27.3613
316.227766,-27.1617
323.5936569,-26.9621
331.1311215,-26.7625
338.8441561,-26.563
346.7368505,-26.3634
354.8133892,-26.1639
363.0780548,-25.9644
371.5352291,-25.765
380.1893963,-25.5655
389.045145,-25.3661
398.1071706,-25.1667
407.3802778,-24.9673
416.8693835,-24.768
426.5795188,-24.5687
436.5158322,-24.3694
446.6835922,-24.1702
457.0881896,-23.971
467.7351413,-23.7719
478.6300923,-23.5727
489.7788194,-23.3737
501.1872336,-23.1746
512.861384,-22.9756
524.8074602,-22.7767
537.0317964,-22.5778
549.5408739,-22.3789
562.3413252,-22.1802
575.4399373,-21.9814
588.8436554,-21.7827
602.5595861,-21.5841
616.5950019,-21.3856
630.9573445,-21.1871
645.654229,-20.9887
660.693448,-20.7904
676.0829754,-20.5921
691.8309709,-20.3939
707.9457844,-20.1959
724.4359601,-19.9979
741.3102413,-19.8
758.577575,-19.6021
776.2471166,-19.4044
794.3282347,-19.2068
812.8305162,-19.0094
831.7637711,-18.812
851.1380382,-18.6147
870.96359,-18.4176
891.2509381,-18.2206
912.0108394,-18.0238
933.2543008,-17.8271
954.992586,-17.6305
977.237221,-17.4342
1000,-17.2379
1023.292992,-17.0419
1047.128548,-16.846
1071.519305,-16.6504
1096.478196,-16.4549
1122.018454,-16.2596
1148.153621,-16.0646
1174.897555,-15.8697
1202.264435,-15.6752
1230.268771,-15.4808
1258.925412,-15.2868
1288.249552,-15.093
1318.256739,-14.8994
1348.962883,-14.7062
1380.384265,-14.5133
1412.537545,-14.3207
1445.439771,-14.1284
1479.108388,-13.9365
1513.561248,-13.745
1548.816619,-13.5538
1584.893192,-13.363
1621.810097,-13.1727
1659.586907,-12.9827
1698.243652,-12.7933
1737.800829,-12.6043
1778.27941,-12.4158
1819.700859,-12.2277
1862.087137,-12.0403
1905.460718,-11.8533
1949.8446,-11.667
1995.262315,-11.4812
2041.737945,-11.2961
2089.296131,-11.1116
2137.96209,-10.9278
2187.761624,-10.7447
2238.721139,-10.5623
2290.867653,-10.3806
2344.228815,-10.1998
2398.832919,-10.0197
2454.708916,-9.84055
2511.886432,-9.66222
2570.395783,-9.4848
2630.267992,-9.30832
2691.534804,-9.13281
2754.228703,-8.95831
2818.382931,-8.78485
2884.031503,-8.61247
2951.209227,-8.4412
3019.95172,-8.27109
3090.295433,-8.10216
3162.27766,-7.93446
3235.936569,-7.76803
3311.311215,-7.60291
3388.441561,-7.43913
3467.368505,-7.27673
3548.133892,-7.11577
3630.780548,-6.95627
3715.352291,-6.79828
3801.893963,-6.64183
3890.45145,-6.48698
3981.071706,-6.33376
4073.802778,-6.1822
4168.693835,-6.03236
4265.795188,-5.88427
4365.158322,-5.73797
4466.835922,-5.59349
4570.881896,-5.45088
4677.351413,-5.31018
4786.300923,-5.17141
4897.788194,-5.03462
5011.872336,-4.89983
5128.61384,-4.76708
5248.074602,-4.63641
5370.317964,-4.50783
5495.408739,-4.38139
5623.413252,-4.25709
5754.399373,-4.13498
5888.436554,-4.01506
6025.595861,-3.89737
6165.950019,-3.78192
6309.573445,-3.66872
6456.54229,-3.55779
6606.93448,-3.44914
6760.829754,-3.34278
6918.309709,-3.23872
7079.457844,-3.13695
7244.359601,-3.03749
7413.102413,-2.94033
7585.77575,-2.84547
7762.471166,-2.7529
7943.282347,-2.66262
8128.305162,-2.57462
8317.637711,-2.48887
8511.380382,-2.40538
8709.6359,-2.32411
8912.509381,-2.24506
9120.108394,-2.16819
9332.543008,-2.0935
9549.92586,-2.02095
9772.37221,-1.95051
10000,-1.88216
10232.92992,-1.81586
10471.28548,-1.75159
10715.19305,-1.68931
10964.78196,-1.62899
11220.18454,-1.57059
11481.53621,-1.51408
11748.97555,-1.45942
12022.64435,-1.40656
12302.68771,-1.35548
12589.25412,-1.30613
12882.49552,-1.25847
13182.56739,-1.21246
13489.62883,-1.16806
13803.84265,-1.12523
14125.37545,-1.08394
14454.39771,-1.04413
14791.08388,-1.00577
15135.61248,-0.968812
15488.16619,-0.933226
15848.93192,-0.898967
16218.10097,-0.865995
16595.86907,-0.834273
16982.43652,-0.80376
17378.00829,-0.774419
17782.7941,-0.746212
18197.00859,-0.719103
18620.87137,-0.693055
19054.60718,-0.668032
19498.446,-0.644
19952.62315,-0.620926
20417.37945,-0.598774
20892.96131,-0.577514
21379.6209,-0.557113
21877.61624,-0.53754
22387.21139,-0.518766
22908.67653,-0.50076
23442.28815,-0.483495
23988.32919,-0.466942
24547.08916,-0.451076
25118.86432,-0.435869
25703.95783,-0.421297
26302.67992,-0.407334
26915.34804,-0.393959
27542.28703,-0.381146
28183.82931,-0.368875
28840.31503,-0.357124
29512.09227,-0.345872
30199.5172,-0.335099
30902.95433,-0.324786
31622.7766,-0.314914
32359.36569,-0.305465
33113.11215,-0.296423
33884.41561,-0.287769
34673.68505,-0.27949
35481.33892,-0.271568
36307.80548,-0.263989
37153.52291,-0.256739
38018.93963,-0.249803
38904.5145,-0.24317
39810.71706,-0.236826
40738.02778,-0.230758
41686.93835,-0.224956
42657.95188,-0.219407
43651.58322,-0.214102
44668.35922,-0.20903
45708.81896,-0.20418
46773.51413,-0.199543
47863.00923,-0.195111
48977.88194,-0.190873
50118.72336,-0.186823
51286.1384,-0.182951
52480.74602,-0.179251
53703.17964,-0.175714
54954.08739,-0.172333
56234.13252,-0.169102
57543.99373,-0.166015
58884.36554,-0.163064
60255.95861,-0.160244
61659.50019,-0.15755
63095.73445,-0.154975
64565.4229,-0.152514
66069.3448,-0.150163
67608.29754,-0.147917
69183.09709,-0.145771
70794.57844,-0.14372
72443.59601,-0.14176
74131.02413,-0.139888
75857.7575,-0.1381
77624.71166,-0.136391
79432.82347,-0.134759
81283.05162,-0.133199
83176.37711,-0.13171
85113.80382,-0.130286
87096.359,-0.128927
89125.09381,-0.127628
91201.08394,-0.126387
93325.43008,-0.125202
95499.2586,-0.12407
97723.7221,-0.122988
100000,-0.121955
102329.2992,-0.120968
104712.8548,-0.120026
107151.9305,-0.119125
109647.8196,-0.118265
112201.8454,-0.117444
114815.3621,-0.116659
117489.7555,-0.11591
120226.4435,-0.115194
123026.8771,-0.11451
125892.5412,-0.113857
128824.9552,-0.113233
131825.6739,-0.112637
134896.2883,-0.112068
138038.4265,-0.111525
141253.7545,-0.111006
144543.9771,-0.11051
147910.8388,-0.110036
151356.1248,-0.109584
154881.6619,-0.109152
158489.3192,-0.108739
162181.0097,-0.108345
165958.6907,-0.107969
169824.3652,-0.10761
173780.0829,-0.107266
177827.941,-0.106939
181970.0859,-0.106625
186208.7137,-0.106326
190546.0718,-0.106041
194984.46,-0.105768
199526.2315,-0.105508
204173.7945,-0.105259
208929.6131,-0.105021
213796.209,-0.104794
218776.1624,-0.104577
223872.1139,-0.10437
229086.7653,-0.104173
234422.8815,-0.103984
239883.2919,-0.103804
245470.8916,-0.103632
251188.6432,-0.103467
257039.5783,-0.10331
263026.7992,-0.10316
269153.4804,-0.103017
275422.8703,-0.10288
281838.2931,-0.102749
288403.1503,-0.102625
295120.9227,-0.102505
301995.172,-0.102392
309029.5433,-0.102283
316227.766,-0.102179
323593.6569,-0.10208
331131.1215,-0.101985
338844.1561,-0.101895
346736.8505,-0.101809
354813.3892,-0.101726
363078.0548,-0.101647
371535.2291,-0.101572
380189.3963,-0.1015
389045.145,-0.101432
398107.1706,-0.101366
407380.2778,-0.101304
416869.3835,-0.101244
426579.5188,-0.101187
436515.8322,-0.101133
446683.5922,-0.101081
457088.1896,-0.101031
467735.1413,-0.100983
478630.0923,-0.100938
489778.8194,-0.100895
501187.2336,-0.100854
512861.384,-0.100814
524807.4602,-0.100776
537031.7964,-0.10074
549540.8739,-0.100706
562341.3252,-0.100673
575439.9373,-0.100642
588843.6554,-0.100612
602559.5861,-0.100583
616595.0019,-0.100556
630957.3445,-0.10053
645654.229,-0.100505
660693.448,-0.100481
676082.9754,-0.100459
691830.9709,-0.100437
707945.7844,-0.100416
724435.9601,-0.100397
741310.2413,-0.100378
758577.575,-0.10036
776247.1166,-0.100342
794328.2347,-0.100326
812830.5162,-0.10031
831763.7711,-0.100295
851138.0382,-0.100281
870963.59,-0.100267
891250.9381,-0.100254
912010.8394,-0.100242
933254.3008,-0.10023
954992.586,-0.100219
977237.221,-0.100208
1000000,-0.100197
1023292.992,-0.100188
1047128.548,-0.100178
1071519.305,-0.100169
1096478.196,-0.100161
1122018.454,-0.100152
1148153.621,-0.100145
1174897.555,-0.100137
1202264.435,-0.10013
1230268.771,-0.100123
1258925.412,-0.100117
1288249.552,-0.10011
1318256.739,-0.100105
1348962.883,-0.100099
1380384.265,-0.100094
1412537.545,-0.100088
1445439.771,-0.100084
1479108.388,-0.100079
1513561.248,-0.100074
1548816.619,-0.10007
1584893.192,-0.100066
1621810.097,-0.100062
1659586.907,-0.100059
1698243.652,-0.100055
1737800.829,-0.100052
1778279.41,-0.100049
1819700.859,-0.100046
1862087.137,-0.100043
1905460.718,-0.10004
1949844.6,-0.100038
1995262.315,-0.100035
2041737.945,-0.100033
2089296.131,-0.100031
2137962.09,-0.100029
2187761.624,-0.100027
2238721.139,-0.100025
2290867.653,-0.100023
2344228.815,-0.100021
2398832.919,-0.10002
2454708.916,-0.100018
2511886.432,-0.100017
2570395.783,-0.100016
2630267.992,-0.100014
2691534.804,-0.100013
2754228.703,-0.100012
2818382.931,-0.100011
2884031.503,-0.10001
2951209.227,-0.10001
3019951.72,-0.100009
3090295.433,-0.100008
3162277.66,-0.100007
3235936.569,-0.100007
3311311.215,-0.100006
3388441.561,-0.100006
3467368.505,-0.100006
3548133.892,-0.100005
3630780.548,-0.100005
3715352.291,-0.100005
3801893.963,-0.100005
3890451.45,-0.100005
3981071.706,-0.100005
4073802.778,-0.100005
4168693.835,-0.100005
4265795.188,-0.100005
4365158.322,-0.100005
4466835.922,-0.100006
4570881.896,-0.100006
4677351.413,-0.100007
4786300.923,-0.100007
4897788.194,-0.100008
5011872.336,-0.100008
5128613.84,-0.100009
5248074.602,-0.10001
5370317.964,-0.100011
5495408.739,-0.100011
5623413.252,-0.100012
5754399.373,-0.100013
5888436.554,-0.100015
6025595.861,-0.100016
6165950.019,-0.100017
6309573.445,-0.100019
6456542.29,-0.10002
6606934.48,-0.100022
6760829.754,-0.100023
6918309.709,-0.100025
7079457.844,-0.100027
7244359.601,-0.100029
7413102.413,-0.100031
7585775.75,-0.100033
7762471.166,-0.100036
7943282.347,-0.100038
8128305.162,-0.100041
8317637.711,-0.100043
8511380.382,-0.100046
8709635.9,-0.100049
8912509.381,-0.100053
9120108.394,-0.100056
9332543.008,-0.100059
9549925.86,-0.100063
9772372.21,-0.100067
10000000,-0.100071
10232929.92,-0.100075
10471285.48,-0.10008
10715193.05,-0.100084
10964781.96,-0.100089
11220184.54,-0.100095
11481536.21,-0.1001
11748975.55,-0.100106
12022644.35,-0.100112
12302687.71,-0.100118
12589254.12,-0.100124
12882495.52,-0.100131
13182567.39,-0.100138
13489628.83,-0.100146
13803842.65,-0.100154
14125375.45,-0.100162
14454397.71,-0.100171
14791083.88,-0.10018
15135612.48,-0.100189
15488166.19,-0.100199
15848931.92,-0.10021
16218100.97,-0.100221
16595869.07,-0.100232
16982436.52,-0.100244
17378008.29,-0.100257
17782794.1,-0.10027
18197008.59,-0.100283
18620871.37,-0.100298
19054607.18,-0.100313
19498446,-0.100329
19952623.15,-0.100345
20417379.45,-0.100363
20892961.31,-0.100381
21379620.9,-0.1004
21877616.24,-0.10042
22387211.39,-0.100441
22908676.53,-0.100463
23442288.15,-0.100485
23988329.19,-0.100509
24547089.16,-0.100535
25118864.32,-0.100561
25703957.83,-0.100588
26302679.92,-0.100617
26915348.04,-0.100647
27542287.03,-0.100679
28183829.31,-0.100712
28840315.03,-0.100747
29512092.27,-0.100783
30199517.2,-0.100821
30902954.33,-0.100861
31622776.6,-0.100902
32359365.69,-0.100946
33113112.15,-0.100992
33884415.61,-0.101039
34673685.05,-0.10109
35481338.92,-0.101142
36307805.48,-0.101197
37153522.91,-0.101254
38018939.63,-0.101315
38904514.5,-0.101378
39810717.06,-0.101444
40738027.78,-0.101513
41686938.35,-0.101585
42657951.88,-0.101661
43651583.22,-0.10174
44668359.22,-0.101824
45708818.96,-0.101911
46773514.13,-0.102002
47863009.23,-0.102097
48977881.94,-0.102197
50118723.36,-0.102302
51286138.4,-0.102411
52480746.02,-0.102526
53703179.64,-0.102646
54954087.39,-0.102772
56234132.52,-0.102904
57543993.73,-0.103042
58884365.54,-0.103186
60255958.61,-0.103337
61659500.19,-0.103496
63095734.45,-0.103661
64565422.9,-0.103835
66069344.8,-0.104017
67608297.54,-0.104207
69183097.09,-0.104406
70794578.44,-0.104615
72443596.01,-0.104833
74131024.13,-0.105062
75857757.5,-0.105302
77624711.66,-0.105553
79432823.47,-0.105815
81283051.62,-0.10609
83176377.11,-0.106378
85113803.82,-0.10668
87096359,-0.106995
89125093.81,-0.107326
91201083.94,-0.107672
93325430.08,-0.108034
95499258.6,-0.108413
97723722.1,-0.108811
100000000,-0.109227
102329299.2,-0.109662
104712854.8,-0.110118
107151930.5,-0.110595
109647819.6,-0.111095
112201845.4,-0.111618
114815362.1,-0.112166
117489755.5,-0.11274
120226443.5,-0.113341
123026877.1,-0.113969
125892541.2,-0.114628
128824955.2,-0.115317
131825673.9,-0.116039
134896288.3,-0.116794
138038426.5,-0.117585
141253754.5,-0.118413
144543977.1,-0.11928
147910838.8,-0.120188
151356124.8,-0.121138
154881661.9,-0.122133
158489319.2,-0.123174
162181009.7,-0.124264
165958690.7,-0.125405
169824365.2,-0.1266
173780082.9,-0.12785
177827941,-0.12916
181970085.9,-0.13053
186208713.7,-0.131965
190546071.8,-0.133466
194984460,-0.135038
199526231.5,-0.136683
204173794.5,-0.138405
208929613.1,-0.140208
213796209,-0.142094
218776162.4,-0.144069
223872113.9,-0.146136
229086765.3,-0.148299
234422881.5,-0.150563
239883291.9,-0.152932
245470891.6,-0.155411
251188643.2,-0.158006
257039578.3,-0.160721
263026799.2,-0.163563
269153480.4,-0.166536
275422870.3,-0.169647
281838293.1,-0.172902
288403150.3,-0.176308
295120922.7,-0.179872
301995172,-0.1836
309029543.3,-0.187501
316227766,-0.191581
323593656.9,-0.19585
331131121.5,-0.200315
338844156.1,-0.204986
346736850.5,-0.209871
354813389.2,-0.21498
363078054.8,-0.220324
371535229.1,-0.225912
380189396.3,-0.231755
389045145,-0.237865
398107170.6,-0.244254
407380277.8,-0.250934
416869383.5,-0.257917
426579518.8,-0.265216
436515832.2,-0.272847
446683592.2,-0.280822
457088189.6,-0.289156
467735141.3,-0.297867
478630092.3,-0.306968
489778819.4,-0.316477
501187233.6,-0.326412
512861384,-0.336789
524807460.2,-0.347629
537031796.4,-0.358949
549540873.9,-0.370771
562341325.2,-0.383114
575439937.3,-0.396001
588843655.4,-0.409452
602559586.1,-0.423492
616595001.9,-0.438144
630957344.5,-0.453432
645654229,-0.469381
660693448,-0.486017
676082975.4,-0.503367
691830970.9,-0.521459
707945784.4,-0.54032
724435960.1,-0.55998
741310241.3,-0.580469
758577575,-0.601818
776247116.6,-0.624057
794328234.7,-0.647219
812830516.2,-0.671337
831763771.1,-0.696444
851138038.2,-0.722575
870963590,-0.749764
891250938.1,-0.778048
912010839.4,-0.807463
933254300.8,-0.838045
954992586,-0.869831
977237221,-0.90286
1000000000,-0.93717
1023292992,-0.972798
1047128548,-1.00979
1071519305,-1.04817
1096478196,-1.08799
1122018454,-1.12928
1148153621,-1.1721
1174897555,-1.21646
1202264435,-1.26242
1230268771,-1.31001
1258925412,-1.35927
1288249552,-1.41024
1318256739,-1.46295
1348962883,-1.51744
1380384265,-1.57375
1412537545,-1.63192
1445439771,-1.69197
1479108388,-1.75393
1513561248,-1.81785
1548816619,-1.88374
1584893192,-1.95164
1621810097,-2.02158
1659586907,-2.09357
1698243652,-2.16764
1737800829,-2.24382
1778279410,-2.32211
1819700859,-2.40254
1862087137,-2.48513
1905460718,-2.56987
1949844600,-2.65679
1995262315,-2.74589
2041737945,-2.83717
2089296131,-2.93064
2137962090,-3.02629
2187761624,-3.12412
2238721139,-3.22413
2290867653,-3.3263
2344228815,-3.43063
2398832919,-3.53711
2454708916,-3.6457
2511886432,-3.7564
2570395783,-3.86918
2630267992,-3.98402
2691534804,-4.10089
2754228703,-4.21977
2818382931,-4.34061
2884031503,-4.46339
2951209227,-4.58807
3019951720,-4.71461
3090295433,-4.84297
3162277660,-4.97312
3235936569,-5.10499
3311311215,-5.23856
3388441561,-5.37377
3467368505,-5.51057
3548133892,-5.64892
3630780548,-5.78876
3715352291,-5.93004
3801893963,-6.07271
3890451450,-6.2167
3981071706,-6.36197
4073802778,-6.50846
4168693835,-6.65611
4265795188,-6.80486
4365158322,-6.95466
4466835922,-7.10544
4570881896,-7.25715
4677351413,-7.40972
4786300923,-7.56309
4897788194,-7.71721
5011872336,-7.87201
5128613840,-8.02742
5248074602,-8.1834
5370317964,-8.33987
5495408739,-8.49677
5623413252,-8.65405
5754399373,-8.81163
5888436554,-8.96946
6025595861,-9.12748
6165950019,-9.28561
6309573445,-9.44381
6456542290,-9.602
6606934480,-9.76012
6760829754,-9.91812
6918309709,-10.0759
7079457844,-10.2335
7244359601,-10.3907
7413102413,-10.5476
7585775750,-10.704
7762471166,-10.8599
7943282347,-11.0152
8128305162,-11.17
8317637711,-11.324
8511380382,-11.4773
8709635900,-11.6298
8912509381,-11.7814
9120108394,-11.9321
9332543008,-12.0818
9549925860,-12.2304
9772372210,-12.378
1e+010,-12.5243
1.023292992e+010,-12.6695
1.047128548e+010,-12.8134
1.071519305e+010,-12.956
1.096478196e+010,-13.0971
1.122018454e+010,-13.2369
1.148153621e+010,-13.3751
1.174897555e+010,-13.5118
1.202264435e+010,-13.6469
1.230268771e+010,-13.7804
1.258925412e+010,-13.9122
1.288249552e+010,-14.0423
1.318256739e+010,-14.1706
1.348962883e+010,-14.2971
1.380384265e+010,-14.4217
1.412537545e+010,-14.5445
1.445439771e+010,-14.6653
1.479108388e+010,-14.7842
1.513561248e+010,-14.901
1.548816619e+010,-15.0159
1.584893192e+010,-15.1287
1.621810097e+010,-15.2395
1.659586907e+010,-15.3481
1.698243652e+010,-15.4547
1.737800829e+010,-15.5591
1.77827941e+010,-15.6614
1.819700859e+010,-15.7615
1.862087137e+010,-15.8595
1.905460718e+010,-15.9553
1.9498446e+010,-16.0489
1.995262315e+010,-16.1404
2.041737945e+010,-16.2297
2.089296131e+010,-16.3169
2.13796209e+010,-16.4018
2.187761624e+010,-16.4847
2.238721139e+010,-16.5654
2.290867653e+010,-16.644
2.344228815e+010,-16.7204
2.398832919e+010,-16.7948
2.454708916e+010,-16.8672
2.511886432e+010,-16.9374
2.570395783e+010,-17.0057
2.630267992e+010,-17.072
2.691534804e+010,-17.1362
2.754228703e+010,-17.1986
2.818382931e+010,-17.259
2.884031503e+010,-17.3176
2.951209227e+010,-17.3743
3.01995172e+010,-17.4292
3.090295433e+010,-17.4823
3.16227766e+010,-17.5337
3.235936569e+010,-17.5834
3.311311215e+010,-17.6314
3.388441561e+010,-17.6778
3.467368505e+010,-17.7226
3.548133892e+010,-17.7658
3.630780548e+010,-17.8076
3.715352291e+010,-17.8478
3.801893963e+010,-17.8866
3.89045145e+010,-17.924
3.981071706e+010,-17.9601
4.073802778e+010,-17.9948
4.168693835e+010,-18.0282
4.265795188e+010,-18.0604
4.365158322e+010,-18.0914
4.466835922e+010,-18.1212
4.570881896e+010,-18.1498
4.677351413e+010,-18.1774
4.786300923e+010,-18.2039
4.897788194e+010,-18.2294
5.011872336e+010,-18.2538
5.12861384e+010,-18.2773
5.248074602e+010,-18.2999
5.370317964e+010,-18.3216
5.495408739e+010,-18.3424
5.623413252e+010,-18.3624
5.754399373e+010,-18.3815
5.888436554e+010,-18.3999
6.025595861e+010,-18.4176
6.165950019e+010,-18.4345
6.309573445e+010,-18.4507
6.45654229e+010,-18.4662
6.60693448e+010,-18.4811
6.760829754e+010,-18.4954
6.918309709e+010,-18.5091
7.079457844e+010,-18.5222
7.244359601e+010,-18.5348
7.413102413e+010,-18.5468
7.58577575e+010,-18.5584
7.762471166e+010,-18.5694
7.943282347e+010,-18.58
8.128305162e+010,-18.5901
8.317637711e+010,-18.5998
8.511380382e+010,-18.6091
8.7096359e+010,-18.6179
8.912509381e+010,-18.6264
9.120108394e+010,-18.6346
9.332543008e+010,-18.6423
9.54992586e+010,-18.6498
9.77237221e+010,-18.6569
1e+011,-18.6637
