"FREQ","C3(2)"
10,5.61633
10.23292992,5.81783
10.47128548,6.01925
10.71519305,6.22059
10.96478196,6.42184
11.22018454,6.62302
11.48153621,6.82412
11.74897555,7.02514
12.02264435,7.2261
12.30268771,7.42698
12.58925412,7.6278
12.88249552,7.82855
13.18256739,8.02923
13.48962883,8.22985
13.80384265,8.43041
14.12537545,8.63091
14.45439771,8.83135
14.79108388,9.03173
15.13561248,9.23204
15.48816619,9.4323
15.84893192,9.63251
16.21810097,9.83265
16.59586907,10.0327
16.98243652,10.2328
17.37800829,10.4328
17.7827941,10.6327
18.19700859,10.8325
18.62087137,11.0323
19.05460718,11.2321
19.498446,11.4318
19.95262315,11.6314
20.41737945,11.831
20.89296131,12.0305
21.3796209,12.2299
21.87761624,12.4293
22.38721139,12.6286
22.90867653,12.8279
23.44228815,13.0271
23.98832919,13.2262
24.54708916,13.4253
25.11886432,13.6242
25.70395783,13.8231
26.30267992,14.022
26.91534804,14.2207
27.54228703,14.4194
28.18382931,14.618
28.84031503,14.8165
29.51209227,15.0149
30.1995172,15.2132
30.90295433,15.4114
31.6227766,15.6095
32.35936569,15.8075
33.11311215,16.0054
33.88441561,16.2032
34.67368505,16.4008
35.48133892,16.5984
36.30780548,16.7958
37.15352291,16.9931
38.01893963,17.1902
38.9045145,17.3872
39.81071706,17.5841
40.73802778,17.7808
41.68693835,17.9773
42.65795188,18.1736
43.65158322,18.3698
44.66835922,18.5658
45.70881896,18.7616
46.77351413,18.9572
47.86300923,19.1526
48.97788194,19.3478
50.11872336,19.5427
51.2861384,19.7374
52.48074602,19.9319
53.70317964,20.1261
54.95408739,20.32
56.23413252,20.5137
57.54399373,20.707
58.88436554,20.9001
60.25595861,21.0928
61.65950019,21.2852
63.09573445,21.4772
64.5654229,21.6689
66.0693448,21.8602
67.60829754,22.0511
69.18309709,22.2415
70.79457844,22.4316
72.44359601,22.6212
74.13102413,22.8104
75.8577575,22.999
77.62471166,23.1872
79.43282347,23.3748
81.28305162,23.5619
83.17637711,23.7484
85.11380382,23.9343
87.096359,24.1196
89.12509381,24.3042
91.20108394,24.4882
93.32543008,24.6715
95.4992586,24.8541
97.7237221,25.0359
100,25.217
102.3292992,25.3972
104.7128548,25.5766
107.1519305,25.7552
109.6478196,25.9328
112.2018454,26.1095
114.8153621,26.2852
117.4897555,26.46
120.2264435,26.6337
123.0268771,26.8063
125.8925412,26.9778
128.8249552,27.1482
131.8256739,27.3174
134.8962883,27.4854
138.0384265,27.6521
141.2537545,27.8176
144.5439771,27.9816
147.9108388,28.1443
151.3561248,28.3056
154.8816619,28.4655
158.4893192,28.6238
162.1810097,28.7806
165.9586907,28.9358
169.8243652,29.0894
173.7800829,29.2413
177.827941,29.3916
181.9700859,29.54
186.2087137,29.6868
190.5460718,29.8316
194.98446,29.9747
199.5262315,30.1158
204.1737945,30.255
208.9296131,30.3922
213.796209,30.5275
218.7761624,30.6607
223.8721139,30.7918
229.0867653,30.9208
234.4228815,31.0478
239.8832919,31.1725
245.4708916,31.2951
251.1886432,31.4155
257.0395783,31.5337
263.0267992,31.6497
269.1534804,31.7634
275.4228703,31.8748
281.8382931,31.984
288.4031503,32.0908
295.1209227,32.1954
301.995172,32.2977
309.0295433,32.3976
316.227766,32.4953
323.5936569,32.5907
331.1311215,32.6837
338.8441561,32.7745
346.7368505,32.863
354.8133892,32.9493
363.0780548,33.0333
371.5352291,33.115
380.1893963,33.1945
389.045145,33.2719
398.1071706,33.3471
407.3802778,33.4201
416.8693835,33.491
426.5795188,33.5598
436.5158322,33.6265
446.6835922,33.6913
457.0881896,33.754
467.7351413,33.8147
478.6300923,33.8735
489.7788194,33.9305
501.1872336,33.9855
512.861384,34.0388
524.8074602,34.0902
537.0317964,34.14
549.5408739,34.188
562.3413252,34.2344
575.4399373,34.2791
588.8436554,34.3223
602.5595861,34.3639
616.5950019,34.4041
630.9573445,34.4427
645.654229,34.48
660.693448,34.5159
676.0829754,34.5504
691.8309709,34.5837
707.9457844,34.6157
724.4359601,34.6464
741.3102413,34.676
758.577575,34.7045
776.2471166,34.7318
794.3282347,34.7581
812.8305162,34.7834
831.7637711,34.8076
851.1380382,34.8309
870.96359,34.8532
891.2509381,34.8747
912.0108394,34.8953
933.2543008,34.915
954.992586,34.934
977.237221,34.9522
1000,34.9696
1023.292992,34.9863
1047.128548,35.0023
1071.519305,35.0176
1096.478196,35.0324
1122.018454,35.0465
1148.153621,35.06
1174.897555,35.0729
1202.264435,35.0853
1230.268771,35.0971
1258.925412,35.1085
1288.249552,35.1194
1318.256739,35.1298
1348.962883,35.1398
1380.384265,35.1493
1412.537545,35.1584
1445.439771,35.1672
1479.108388,35.1755
1513.561248,35.1835
1548.816619,35.1912
1584.893192,35.1985
1621.810097,35.2055
1659.586907,35.2122
1698.243652,35.2186
1737.800829,35.2247
1778.27941,35.2306
1819.700859,35.2362
1862.087137,35.2416
1905.460718,35.2467
1949.8446,35.2516
1995.262315,35.2563
2041.737945,35.2607
2089.296131,35.265
2137.96209,35.2691
2187.761624,35.273
2238.721139,35.2768
2290.867653,35.2803
2344.228815,35.2837
2398.832919,35.287
2454.708916,35.2901
2511.886432,35.2931
2570.395783,35.2959
2630.267992,35.2987
2691.534804,35.3013
2754.228703,35.3038
2818.382931,35.3061
2884.031503,35.3084
2951.209227,35.3106
3019.95172,35.3126
3090.295433,35.3146
3162.27766,35.3165
3235.936569,35.3183
3311.311215,35.32
3388.441561,35.3217
3467.368505,35.3233
3548.133892,35.3248
3630.780548,35.3262
3715.352291,35.3276
3801.893963,35.3289
3890.45145,35.3301
3981.071706,35.3313
4073.802778,35.3325
4168.693835,35.3336
4265.795188,35.3346
4365.158322,35.3356
4466.835922,35.3366
4570.881896,35.3375
4677.351413,35.3383
4786.300923,35.3392
4897.788194,35.34
5011.872336,35.3407
5128.61384,35.3414
5248.074602,35.3421
5370.317964,35.3428
5495.408739,35.3434
5623.413252,35.344
5754.399373,35.3446
5888.436554,35.3451
6025.595861,35.3457
6165.950019,35.3462
6309.573445,35.3466
6456.54229,35.3471
6606.93448,35.3475
6760.829754,35.3479
6918.309709,35.3483
7079.457844,35.3487
7244.359601,35.3491
7413.102413,35.3494
7585.77575,35.3498
7762.471166,35.3501
7943.282347,35.3504
8128.305162,35.3507
8317.637711,35.3509
8511.380382,35.3512
8709.6359,35.3514
8912.509381,35.3517
9120.108394,35.3519
9332.543008,35.3521
9549.92586,35.3523
9772.37221,35.3525
10000,35.3527
10232.92992,35.3529
10471.28548,35.3531
10715.19305,35.3532
10964.78196,35.3534
11220.18454,35.3535
11481.53621,35.3537
11748.97555,35.3538
12022.64435,35.3539
12302.68771,35.354
12589.25412,35.3542
12882.49552,35.3543
13182.56739,35.3544
13489.62883,35.3545
13803.84265,35.3546
14125.37545,35.3547
14454.39771,35.3547
14791.08388,35.3548
15135.61248,35.3549
15488.16619,35.355
15848.93192,35.355
16218.10097,35.3551
16595.86907,35.3552
16982.43652,35.3552
17378.00829,35.3553
17782.7941,35.3553
18197.00859,35.3554
18620.87137,35.3554
19054.60718,35.3554
19498.446,35.3555
19952.62315,35.3555
20417.37945,35.3556
20892.96131,35.3556
21379.6209,35.3556
21877.61624,35.3556
22387.21139,35.3557
22908.67653,35.3557
23442.28815,35.3557
23988.32919,35.3557
24547.08916,35.3557
25118.86432,35.3557
25703.95783,35.3557
26302.67992,35.3557
26915.34804,35.3557
27542.28703,35.3557
28183.82931,35.3557
28840.31503,35.3557
29512.09227,35.3557
30199.5172,35.3557
30902.95433,35.3557
31622.7766,35.3557
32359.36569,35.3557
33113.11215,35.3557
33884.41561,35.3556
34673.68505,35.3556
35481.33892,35.3556
36307.80548,35.3556
37153.52291,35.3555
38018.93963,35.3555
38904.5145,35.3555
39810.71706,35.3554
40738.02778,35.3554
41686.93835,35.3553
42657.95188,35.3553
43651.58322,35.3552
44668.35922,35.3552
45708.81896,35.3551
46773.51413,35.355
47863.00923,35.355
48977.88194,35.3549
50118.72336,35.3548
51286.1384,35.3548
52480.74602,35.3547
53703.17964,35.3546
54954.08739,35.3545
56234.13252,35.3544
57543.99373,35.3543
58884.36554,35.3542
60255.95861,35.3541
61659.50019,35.354
63095.73445,35.3538
64565.4229,35.3537
66069.3448,35.3536
67608.29754,35.3534
69183.09709,35.3533
70794.57844,35.3531
72443.59601,35.3529
74131.02413,35.3528
75857.7575,35.3526
77624.71166,35.3524
79432.82347,35.3522
81283.05162,35.352
83176.37711,35.3517
85113.80382,35.3515
87096.359,35.3512
89125.09381,35.351
91201.08394,35.3507
93325.43008,35.3504
95499.2586,35.3501
97723.7221,35.3498
100000,35.3495
102329.2992,35.3492
104712.8548,35.3488
107151.9305,35.3484
109647.8196,35.348
112201.8454,35.3476
114815.3621,35.3472
117489.7555,35.3467
120226.4435,35.3463
123026.8771,35.3458
125892.5412,35.3453
128824.9552,35.3447
131825.6739,35.3442
134896.2883,35.3436
138038.4265,35.3429
141253.7545,35.3423
144543.9771,35.3416
147910.8388,35.3409
151356.1248,35.3401
154881.6619,35.3394
158489.3192,35.3385
162181.0097,35.3377
165958.6907,35.3368
169824.3652,35.3358
173780.0829,35.3349
177827.941,35.3338
181970.0859,35.3327
186208.7137,35.3316
190546.0718,35.3304
194984.46,35.3292
199526.2315,35.3279
204173.7945,35.3265
208929.6131,35.3251
213796.209,35.3236
218776.1624,35.3221
223872.1139,35.3204
229086.7653,35.3187
234422.8815,35.3169
239883.2919,35.3151
245470.8916,35.3131
251188.6432,35.3111
257039.5783,35.3089
263026.7992,35.3067
269153.4804,35.3043
275422.8703,35.3019
281838.2931,35.2993
288403.1503,35.2966
295120.9227,35.2938
301995.172,35.2908
309029.5433,35.2878
316227.766,35.2845
323593.6569,35.2812
331131.1215,35.2776
338844.1561,35.2739
346736.8505,35.2701
354813.3892,35.266
363078.0548,35.2618
371535.2291,35.2573
380189.3963,35.2527
389045.145,35.2479
398107.1706,35.2428
407380.2778,35.2375
416869.3835,35.232
426579.5188,35.2262
436515.8322,35.2201
446683.5922,35.2138
457088.1896,35.2071
467735.1413,35.2002
478630.0923,35.193
489778.8194,35.1854
501187.2336,35.1775
512861.384,35.1692
524807.4602,35.1606
537031.7964,35.1515
549540.8739,35.1421
562341.3252,35.1322
575439.9373,35.1219
588843.6554,35.1112
602559.5861,35.0999
616595.0019,35.0882
630957.3445,35.0759
645654.229,35.0631
660693.448,35.0497
676082.9754,35.0358
691830.9709,35.0212
707945.7844,35.006
724435.9601,34.9902
741310.2413,34.9736
758577.575,34.9564
776247.1166,34.9384
794328.2347,34.9197
812830.5162,34.9001
831763.7711,34.8797
851138.0382,34.8585
870963.59,34.8363
891250.9381,34.8133
912010.8394,34.7893
933254.3008,34.7643
954992.586,34.7382
977237.221,34.7112
1000000,34.683
1023292.992,34.6537
1047128.548,34.6232
1071519.305,34.5915
1096478.196,34.5585
1122018.454,34.5243
1148153.621,34.4888
1174897.555,34.4518
1202264.435,34.4135
1230268.771,34.3737
1258925.412,34.3325
1288249.552,34.2897
1318256.739,34.2453
1348962.883,34.1993
1380384.265,34.1517
1412537.545,34.1024
1445439.771,34.0514
1479108.388,33.9986
1513561.248,33.9439
1548816.619,33.8875
1584893.192,33.8291
1621810.097,33.7689
1659586.907,33.7066
1698243.652,33.6424
1737800.829,33.5762
1778279.41,33.5079
1819700.859,33.4375
1862087.137,33.365
1905460.718,33.2904
1949844.6,33.2136
1995262.315,33.1346
2041737.945,33.0534
2089296.131,32.97
2137962.09,32.8843
2187761.624,32.7964
2238721.139,32.7062
2290867.653,32.6137
2344228.815,32.5189
2398832.919,32.4218
2454708.916,32.3225
2511886.432,32.2208
2570395.783,32.1168
2630267.992,32.0106
2691534.804,31.902
2754228.703,31.7912
2818382.931,31.6781
2884031.503,31.5628
2951209.227,31.4452
3019951.72,31.3254
3090295.433,31.2034
3162277.66,31.0792
3235936.569,30.9529
3311311.215,30.8245
3388441.561,30.6939
3467368.505,30.5613
3548133.892,30.4267
3630780.548,30.29
3715352.291,30.1514
3801893.963,30.0109
3890451.45,29.8685
3981071.706,29.7242
4073802.778,29.578
4168693.835,29.4301
4265795.188,29.2805
4365158.322,29.1292
4466835.922,28.9762
4570881.896,28.8215
4677351.413,28.6653
4786300.923,28.5076
4897788.194,28.3483
5011872.336,28.1876
5128613.84,28.0255
5248074.602,27.862
5370317.964,27.6972
5495408.739,27.5311
5623413.252,27.3637
5754399.373,27.1951
5888436.554,27.0253
6025595.861,26.8544
6165950.019,26.6824
6309573.445,26.5094
6456542.29,26.3353
6606934.48,26.1602
6760829.754,25.9842
6918309.709,25.8072
7079457.844,25.6294
7244359.601,25.4507
7413102.413,25.2712
7585775.75,25.0909
7762471.166,24.9099
7943282.347,24.7281
8128305.162,24.5457
8317637.711,24.3625
8511380.382,24.1788
8709635.9,23.9944
8912509.381,23.8094
9120108.394,23.6238
9332543.008,23.4378
9549925.86,23.2512
9772372.21,23.0641
10000000,22.8766
