"FREQ","C2(2)"
10,-17.8344
10.23292992,-17.6344
10.47128548,-17.4344
10.71519305,-17.2344
10.96478196,-17.0344
11.22018454,-16.8344
11.48153621,-16.6344
11.74897555,-16.4344
12.02264435,-16.2344
12.30268771,-16.0344
12.58925412,-15.8344
12.88249552,-15.6344
13.18256739,-15.4344
13.48962883,-15.2344
13.80384265,-15.0344
14.12537545,-14.8344
14.45439771,-14.6344
14.79108388,-14.4344
15.13561248,-14.2344
15.48816619,-14.0344
15.84893192,-13.8344
16.21810097,-13.6344
16.59586907,-13.4344
16.98243652,-13.2344
17.37800829,-13.0344
17.7827941,-12.8344
18.19700859,-12.6344
18.62087137,-12.4344
19.05460718,-12.2344
19.498446,-12.0344
19.95262315,-11.8344
20.41737945,-11.6344
20.89296131,-11.4344
21.3796209,-11.2344
21.87761624,-11.0344
22.38721139,-10.8344
22.90867653,-10.6344
23.44228815,-10.4344
23.98832919,-10.2344
24.54708916,-10.0344
25.11886432,-9.83444
25.70395783,-9.63444
26.30267992,-9.43445
26.91534804,-9.23445
27.54228703,-9.03445
28.18382931,-8.83445
28.84031503,-8.63446
29.51209227,-8.43446
30.1995172,-8.23446
30.90295433,-8.03447
31.6227766,-7.83447
32.35936569,-7.63448
33.11311215,-7.43448
33.88441561,-7.23449
34.67368505,-7.03449
35.48133892,-6.8345
36.30780548,-6.6345
37.15352291,-6.43451
38.01893963,-6.23451
38.9045145,-6.03452
39.81071706,-5.83452
40.73802778,-5.63453
41.68693835,-5.43454
42.65795188,-5.23455
43.65158322,-5.03455
44.66835922,-4.83456
45.70881896,-4.63457
46.77351413,-4.43458
47.86300923,-4.23459
48.97788194,-4.0346
50.11872336,-3.83461
51.2861384,-3.63462
52.48074602,-3.43463
53.70317964,-3.23464
54.95408739,-3.03465
56.23413252,-2.83466
57.54399373,-2.63468
58.88436554,-2.43469
60.25595861,-2.23471
61.65950019,-2.03472
63.09573445,-1.83474
64.5654229,-1.63475
66.0693448,-1.43477
67.60829754,-1.23479
69.18309709,-1.03481
70.79457844,-0.834828
72.44359601,-0.634849
74.13102413,-0.434871
75.8577575,-0.234894
77.62471166,-0.0349179
79.43282347,0.165057
81.28305162,0.365031
83.17637711,0.565003
85.11380382,0.764974
87.096359,0.964944
89.12509381,1.16491
91.20108394,1.36488
93.32543008,1.56484
95.4992586,1.76481
97.7237221,1.96477
100,2.16473
102.3292992,2.36469
104.7128548,2.56464
107.1519305,2.7646
109.6478196,2.96455
112.2018454,3.1645
114.8153621,3.36445
117.4897555,3.56439
120.2264435,3.76434
123.0268771,3.96428
125.8925412,4.16421
128.8249552,4.36415
131.8256739,4.56408
134.8962883,4.764
138.0384265,4.96393
141.2537545,5.16385
144.5439771,5.36377
147.9108388,5.56368
151.3561248,5.76359
154.8816619,5.96349
158.4893192,6.16339
162.1810097,6.36329
165.9586907,6.56318
169.8243652,6.76306
173.7800829,6.96294
177.827941,7.16282
181.9700859,7.36268
186.2087137,7.56255
190.5460718,7.7624
194.98446,7.96225
199.5262315,8.16209
204.1737945,8.36192
208.9296131,8.56175
213.796209,8.76157
218.7761624,8.96138
223.8721139,9.16118
229.0867653,9.36097
234.4228815,9.56075
239.8832919,9.76052
245.4708916,9.96028
251.1886432,10.16
257.0395783,10.3598
263.0267992,10.5595
269.1534804,10.7592
275.4228703,10.9589
281.8382931,11.1586
288.4031503,11.3583
295.1209227,11.5579
301.995172,11.7575
309.0295433,11.9572
316.227766,12.1568
323.5936569,12.3563
331.1311215,12.5559
338.8441561,12.7555
346.7368505,12.955
354.8133892,13.1545
363.0780548,13.354
371.5352291,13.5534
380.1893963,13.7528
389.045145,13.9522
398.1071706,14.1516
407.3802778,14.3509
416.8693835,14.5502
426.5795188,14.7495
436.5158322,14.9488
446.6835922,15.148
457.0881896,15.3471
467.7351413,15.5463
478.6300923,15.7454
489.7788194,15.9444
501.1872336,16.1434
512.861384,16.3424
524.8074602,16.5413
537.0317964,16.7401
549.5408739,16.9389
562.3413252,17.1377
575.4399373,17.3364
588.8436554,17.535
602.5595861,17.7336
616.5950019,17.9321
630.9573445,18.1305
645.654229,18.3288
660.693448,18.5271
676.0829754,18.7253
691.8309709,18.9234
707.9457844,19.1214
724.4359601,19.3194
741.3102413,19.5172
758.577575,19.7149
776.2471166,19.9126
794.3282347,20.1101
812.8305162,20.3075
831.7637711,20.5048
851.1380382,20.7019
870.96359,20.8989
891.2509381,21.0958
912.0108394,21.2925
933.2543008,21.4891
954.992586,21.6856
977.237221,21.8818
1000,22.0779
1023.292992,22.2738
1047.128548,22.4695
1071.519305,22.6651
1096.478196,22.8604
1122.018454,23.0555
1148.153621,23.2504
1174.897555,23.445
1202.264435,23.6394
1230.268771,23.8336
1258.925412,24.0274
1288.249552,24.221
1318.256739,24.4143
1348.962883,24.6073
1380.384265,24.8
1412.537545,24.9924
1445.439771,25.1844
1479.108388,25.376
1513.561248,25.5673
1548.816619,25.7581
1584.893192,25.9486
1621.810097,26.1386
1659.586907,26.3282
1698.243652,26.5174
1737.800829,26.706
1778.27941,26.8941
1819.700859,27.0817
1862.087137,27.2688
1905.460718,27.4553
1949.8446,27.6412
1995.262315,27.8265
2041.737945,28.0112
2089.296131,28.1952
2137.96209,28.3785
2187.761624,28.561
2238.721139,28.7429
2290.867653,28.9239
2344.228815,29.1042
2398.832919,29.2836
2454.708916,29.4621
2511.886432,29.6398
2570.395783,29.8165
2630.267992,29.9923
2691.534804,30.167
2754.228703,30.3408
2818.382931,30.5134
2884.031503,30.685
2951.209227,30.8554
3019.95172,31.0246
3090.295433,31.1926
3162.27766,31.3594
3235.936569,31.5249
3311.311215,31.689
3388.441561,31.8517
3467.368505,32.0131
3548.133892,32.1729
3630.780548,32.3313
3715.352291,32.4882
3801.893963,32.6434
3890.45145,32.7971
3981.071706,32.949
4073.802778,33.0993
4168.693835,33.2479
4265.795188,33.3946
4365.158322,33.5396
4466.835922,33.6827
4570.881896,33.8238
4677.351413,33.9631
4786.300923,34.1004
4897.788194,34.2357
5011.872336,34.369
5128.61384,34.5002
5248.074602,34.6293
5370.317964,34.7563
5495.408739,34.8811
5623.413252,35.0038
5754.399373,35.1243
5888.436554,35.2425
6025.595861,35.3585
6165.950019,35.4723
6309.573445,35.5838
6456.54229,35.6931
6606.93448,35.8
6760.829754,35.9046
6918.309709,36.007
7079.457844,36.107
7244.359601,36.2048
7413.102413,36.3002
7585.77575,36.3934
7762.471166,36.4842
7943.282347,36.5728
8128.305162,36.6591
8317.637711,36.7432
8511.380382,36.825
8709.6359,36.9046
8912.509381,36.9821
9120.108394,37.0573
9332.543008,37.1304
9549.92586,37.2014
9772.37221,37.2703
10000,37.3371
10232.92992,37.4018
10471.28548,37.4646
10715.19305,37.5254
10964.78196,37.5843
11220.18454,37.6413
11481.53621,37.6964
11748.97555,37.7498
12022.64435,37.8013
12302.68771,37.8511
12589.25412,37.8992
12882.49552,37.9456
13182.56739,37.9904
13489.62883,38.0336
13803.84265,38.0753
14125.37545,38.1155
14454.39771,38.1542
14791.08388,38.1915
15135.61248,38.2274
15488.16619,38.262
15848.93192,38.2953
16218.10097,38.3274
16595.86907,38.3582
16982.43652,38.3878
17378.00829,38.4163
17782.7941,38.4437
18197.00859,38.47
18620.87137,38.4953
19054.60718,38.5196
19498.446,38.5429
19952.62315,38.5653
20417.37945,38.5867
20892.96131,38.6074
21379.6209,38.6271
21877.61624,38.6461
22387.21139,38.6643
22908.67653,38.6818
23442.28815,38.6985
23988.32919,38.7145
24547.08916,38.7299
25118.86432,38.7446
25703.95783,38.7587
26302.67992,38.7723
26915.34804,38.7852
27542.28703,38.7976
28183.82931,38.8095
28840.31503,38.8209
29512.09227,38.8318
30199.5172,38.8422
30902.95433,38.8522
31622.7766,38.8617
32359.36569,38.8709
33113.11215,38.8796
33884.41561,38.888
34673.68505,38.896
35481.33892,38.9037
36307.80548,38.911
37153.52291,38.918
38018.93963,38.9247
38904.5145,38.9311
39810.71706,38.9373
40738.02778,38.9432
41686.93835,38.9488
42657.95188,38.9541
43651.58322,38.9593
44668.35922,38.9642
45708.81896,38.9689
46773.51413,38.9733
47863.00923,38.9776
48977.88194,38.9817
50118.72336,38.9856
51286.1384,38.9894
52480.74602,38.993
53703.17964,38.9964
54954.08739,38.9996
56234.13252,39.0028
57543.99373,39.0057
58884.36554,39.0086
60255.95861,39.0113
61659.50019,39.0139
63095.73445,39.0164
64565.4229,39.0188
66069.3448,39.0211
67608.29754,39.0232
69183.09709,39.0253
70794.57844,39.0273
72443.59601,39.0292
74131.02413,39.031
75857.7575,39.0327
77624.71166,39.0344
79432.82347,39.0359
81283.05162,39.0374
83176.37711,39.0389
85113.80382,39.0403
87096.359,39.0416
89125.09381,39.0428
91201.08394,39.044
93325.43008,39.0452
95499.2586,39.0462
97723.7221,39.0473
100000,39.0483
102329.2992,39.0492
104712.8548,39.0501
107151.9305,39.051
109647.8196,39.0518
112201.8454,39.0526
114815.3621,39.0534
117489.7555,39.0541
120226.4435,39.0548
123026.8771,39.0554
125892.5412,39.0561
128824.9552,39.0567
131825.6739,39.0572
134896.2883,39.0578
138038.4265,39.0583
141253.7545,39.0588
144543.9771,39.0593
147910.8388,39.0597
151356.1248,39.0601
154881.6619,39.0606
158489.3192,39.0609
162181.0097,39.0613
165958.6907,39.0617
169824.3652,39.062
173780.0829,39.0623
177827.941,39.0626
181970.0859,39.0629
186208.7137,39.0632
190546.0718,39.0635
194984.46,39.0637
199526.2315,39.064
204173.7945,39.0642
208929.6131,39.0644
213796.209,39.0646
218776.1624,39.0648
223872.1139,39.065
229086.7653,39.0652
234422.8815,39.0653
239883.2919,39.0655
245470.8916,39.0656
251188.6432,39.0658
257039.5783,39.0659
263026.7992,39.066
269153.4804,39.0661
275422.8703,39.0663
281838.2931,39.0664
288403.1503,39.0665
295120.9227,39.0665
301995.172,39.0666
309029.5433,39.0667
316227.766,39.0668
323593.6569,39.0668
331131.1215,39.0669
338844.1561,39.0669
346736.8505,39.067
354813.3892,39.067
363078.0548,39.0671
371535.2291,39.0671
380189.3963,39.0671
389045.145,39.0671
398107.1706,39.0671
407380.2778,39.0671
416869.3835,39.0672
426579.5188,39.0671
436515.8322,39.0671
446683.5922,39.0671
457088.1896,39.0671
467735.1413,39.0671
478630.0923,39.0671
489778.8194,39.067
501187.2336,39.067
512861.384,39.0669
524807.4602,39.0669
537031.7964,39.0668
549540.8739,39.0668
562341.3252,39.0667
575439.9373,39.0666
588843.6554,39.0666
602559.5861,39.0665
616595.0019,39.0664
630957.3445,39.0663
645654.229,39.0662
660693.448,39.066
676082.9754,39.0659
691830.9709,39.0658
707945.7844,39.0657
724435.9601,39.0655
741310.2413,39.0654
758577.575,39.0652
776247.1166,39.065
794328.2347,39.0648
812830.5162,39.0646
831763.7711,39.0644
851138.0382,39.0642
870963.59,39.064
891250.9381,39.0638
912010.8394,39.0635
933254.3008,39.0633
954992.586,39.063
977237.221,39.0627
1000000,39.0624
1023292.992,39.0621
1047128.548,39.0617
1071519.305,39.0614
1096478.196,39.061
1122018.454,39.0606
1148153.621,39.0602
1174897.555,39.0598
1202264.435,39.0593
1230268.771,39.0589
1258925.412,39.0584
1288249.552,39.0579
1318256.739,39.0573
1348962.883,39.0568
1380384.265,39.0562
1412537.545,39.0555
1445439.771,39.0549
1479108.388,39.0542
1513561.248,39.0535
1548816.619,39.0527
1584893.192,39.052
1621810.097,39.0511
1659586.907,39.0503
1698243.652,39.0494
1737800.829,39.0484
1778279.41,39.0474
1819700.859,39.0464
1862087.137,39.0453
1905460.718,39.0442
1949844.6,39.043
1995262.315,39.0418
2041737.945,39.0405
2089296.131,39.0391
2137962.09,39.0377
2187761.624,39.0362
2238721.139,39.0346
2290867.653,39.033
2344228.815,39.0313
2398832.919,39.0295
2454708.916,39.0276
2511886.432,39.0256
2570395.783,39.0236
2630267.992,39.0214
2691534.804,39.0191
2754228.703,39.0168
2818382.931,39.0143
2884031.503,39.0117
2951209.227,39.009
3019951.72,39.0062
3090295.433,39.0032
3162277.66,39.0001
3235936.569,38.9969
3311311.215,38.9935
3388441.561,38.9899
3467368.505,38.9862
3548133.892,38.9823
3630780.548,38.9783
3715352.291,38.974
3801893.963,38.9696
3890451.45,38.9649
3981071.706,38.96
4073802.778,38.9549
4168693.835,38.9496
4265795.188,38.944
4365158.322,38.9382
4466835.922,38.9321
4570881.896,38.9257
4677351.413,38.9191
4786300.923,38.9121
4897788.194,38.9048
5011872.336,38.8972
5128613.84,38.8893
5248074.602,38.881
5370317.964,38.8723
5495408.739,38.8632
5623413.252,38.8537
5754399.373,38.8438
5888436.554,38.8334
6025595.861,38.8226
6165950.019,38.8113
6309573.445,38.7995
6456542.29,38.7872
6606934.48,38.7743
6760829.754,38.7609
6918309.709,38.7469
7079457.844,38.7322
7244359.601,38.717
7413102.413,38.701
7585775.75,38.6844
7762471.166,38.6671
7943282.347,38.649
8128305.162,38.6301
8317637.711,38.6105
8511380.382,38.59
8709635.9,38.5686
8912509.381,38.5464
9120108.394,38.5232
9332543.008,38.4991
9549925.86,38.474
9772372.21,38.4478
10000000,38.4206
10232929.92,38.3923
10471285.48,38.3628
10715193.05,38.3322
10964781.96,38.3004
11220184.54,38.2673
11481536.21,38.2329
11748975.55,38.1972
12022644.35,38.1601
12302687.71,38.1216
12589254.12,38.0816
12882495.52,38.0402
13182567.39,37.9972
13489628.83,37.9526
13803842.65,37.9065
14125375.45,37.8587
14454397.71,37.8091
14791083.88,37.7579
15135612.48,37.7048
15488166.19,37.65
15848931.92,37.5933
16218100.97,37.5347
16595869.07,37.4742
16982436.52,37.4117
17378008.29,37.3473
17782794.1,37.2808
18197008.59,37.2122
18620871.37,37.1416
19054607.18,37.0688
19498446,36.9939
19952623.15,36.9168
20417379.45,36.8375
20892961.31,36.7561
21379620.9,36.6723
21877616.24,36.5864
22387211.39,36.4981
22908676.53,36.4076
23442288.15,36.3148
23988329.19,36.2198
24547089.16,36.1224
25118864.32,36.0227
25703957.83,35.9207
26302679.92,35.8164
26915348.04,35.7098
27542287.03,35.6009
28183829.31,35.4898
28840315.03,35.3764
29512092.27,35.2607
30199517.2,35.1428
30902954.33,35.0226
31622776.6,34.9003
32359365.69,34.7758
33113112.15,34.6491
33884415.61,34.5204
34673685.05,34.3895
35481338.92,34.2565
36307805.48,34.1215
37153522.91,33.9846
38018939.63,33.8456
38904514.5,33.7047
39810717.06,33.5619
40738027.78,33.4172
41686938.35,33.2708
42657951.88,33.1225
43651583.22,32.9725
44668359.22,32.8208
45708818.96,32.6674
46773514.13,32.5124
47863009.23,32.3558
48977881.94,32.1976
50118723.36,32.038
51286138.4,31.8769
52480746.02,31.7143
53703179.64,31.5504
54954087.39,31.3852
56234132.52,31.2186
57543993.73,31.0508
58884365.54,30.8817
60255958.61,30.7115
61659500.19,30.5401
63095734.45,30.3676
64565422.9,30.1941
66069344.8,30.0195
67608297.54,29.8439
69183097.09,29.6673
70794578.44,29.4898
72443596.01,29.3114
74131024.13,29.1321
75857757.5,28.952
77624711.66,28.771
79432823.47,28.5893
81283051.62,28.4068
83176377.11,28.2236
85113803.82,28.0398
87096359,27.8552
89125093.81,27.67
91201083.94,27.4842
93325430.08,27.2978
95499258.6,27.1108
97723722.1,26.9233
100000000,26.7352
102329299.2,26.5466
104712854.8,26.3576
107151930.5,26.1681
109647819.6,25.9781
112201845.4,25.7877
114815362.1,25.5969
117489755.5,25.4057
120226443.5,25.2141
123026877.1,25.0221
125892541.2,24.8298
128824955.2,24.6372
131825673.9,24.4442
134896288.3,24.251
138038426.5,24.0574
141253754.5,23.8636
144543977.1,23.6695
147910838.8,23.4751
151356124.8,23.2805
154881661.9,23.0857
158489319.2,22.8906
162181009.7,22.6953
165958690.7,22.4998
169824365.2,22.3041
173780082.9,22.1082
177827941,21.9122
181970085.9,21.7159
186208713.7,21.5195
190546071.8,21.3229
194984460,21.1262
199526231.5,20.9293
204173794.5,20.7323
208929613.1,20.5352
213796209,20.3379
218776162.4,20.1405
223872113.9,19.943
229086765.3,19.7454
234422881.5,19.5477
239883291.9,19.3498
245470891.6,19.1519
251188643.2,18.9539
257039578.3,18.7558
263026799.2,18.5576
269153480.4,18.3593
275422870.3,18.161
281838293.1,17.9625
288403150.3,17.764
295120922.7,17.5655
301995172,17.3668
309029543.3,17.1681
316227766,16.9694
323593656.9,16.7705
331131121.5,16.5717
338844156.1,16.3728
346736850.5,16.1738
354813389.2,15.9748
363078054.8,15.7757
371535229.1,15.5766
380189396.3,15.3774
389045145,15.1782
398107170.6,14.979
407380277.8,14.7797
416869383.5,14.5804
426579518.8,14.3811
436515832.2,14.1817
446683592.2,13.9823
457088189.6,13.7829
467735141.3,13.5834
478630092.3,13.3839
489778819.4,13.1844
501187233.6,12.9848
512861384,12.7853
524807460.2,12.5857
537031796.4,12.386
549540873.9,12.1864
562341325.2,11.9867
575439937.3,11.787
588843655.4,11.5873
602559586.1,11.3876
616595001.9,11.1879
630957344.5,10.9881
645654229,10.7883
660693448,10.5885
676082975.4,10.3887
691830970.9,10.1889
707945784.4,9.98903
724435960.1,9.78916
741310241.3,9.58928
758577575,9.38939
776247116.6,9.18947
794328234.7,8.98954
812830516.2,8.7896
831763771.1,8.58964
851138038.2,8.38967
870963590,8.18968
891250938.1,7.98968
912010839.4,7.78966
933254300.8,7.58963
954992586,7.38958
977237221,7.18952
1000000000,6.98944
1023292992,6.78935
1047128548,6.58924
1071519305,6.38912
1096478196,6.18898
1122018454,5.98882
1148153621,5.78865
1174897555,5.58846
1202264435,5.38826
1230268771,5.18803
1258925412,4.98779
1288249552,4.78753
1318256739,4.58725
1348962883,4.38695
1380384265,4.18662
1412537545,3.98628
1445439771,3.78592
1479108388,3.58553
1513561248,3.38512
1548816619,3.18469
1584893192,2.98423
1621810097,2.78374
1659586907,2.58323
1698243652,2.38269
1737800829,2.18212
1778279410,1.98152
1819700859,1.78088
1862087137,1.58022
1905460718,1.37952
1949844600,1.17878
1995262315,0.978009
2041737945,0.777197
2089296131,0.576345
2137962090,0.37545
2187761624,0.174512
2238721139,-0.0264729
2290867653,-0.227505
2344228815,-0.428588
2398832919,-0.629722
2454708916,-0.830911
2511886432,-1.03216
2570395783,-1.23346
2630267992,-1.43483
2691534804,-1.63626
2754228703,-1.83776
2818382931,-2.03933
2884031503,-2.24097
2951209227,-2.44269
3019951720,-2.64449
3090295433,-2.84637
3162277660,-3.04834
3235936569,-3.2504
3311311215,-3.45256
3388441561,-3.65481
3467368505,-3.85717
3548133892,-4.05964
3630780548,-4.26221
3715352291,-4.46491
3801893963,-4.66772
3890451450,-4.87067
3981071706,-5.07374
4073802778,-5.27696
4168693835,-5.48031
4265795188,-5.68382
4365158322,-5.88748
4466835922,-6.09131
4570881896,-6.2953
4677351413,-6.49947
4786300923,-6.70382
4897788194,-6.90836
5011872336,-7.1131
5128613840,-7.31805
5248074602,-7.52321
5370317964,-7.72859
5495408739,-7.9342
5623413252,-8.14004
5754399373,-8.34614
5888436554,-8.55249
6025595861,-8.75911
6165950019,-8.966
6309573445,-9.17318
6456542290,-9.38065
6606934480,-9.58842
6760829754,-9.79651
6918309709,-10.0049
7079457844,-10.2137
7244359601,-10.4228
7413102413,-10.6322
7585775750,-10.8421
7762471166,-11.0523
7943282347,-11.2628
8128305162,-11.4738
8317637711,-11.6852
8511380382,-11.8971
8709635900,-12.1093
8912509381,-12.322
9120108394,-12.5351
9332543008,-12.7487
9549925860,-12.9628
9772372210,-13.1774
1e+010,-13.3924
