0,00	-1,84E+02	6,67E-10	9,00E+01												
0,00	-1,83E+02	6,82E-10	9,00E+01												
0,00	-1,83E+02	6,98E-10	9,00E+01												
0,00	-1,83E+02	7,14E-10	9,00E+01												
0,00	-1,83E+02	7,31E-10	9,00E+01												
0,00	-1,83E+02	7,48E-10	9,00E+01												
0,00	-1,82E+02	7,65E-10	9,00E+01												
0,00	-1,82E+02	7,83E-10	9,00E+01												
0,00	-1,82E+02	8,02E-10	9,00E+01												
0,00	-1,82E+02	8,20E-10	9,00E+01												
0,00	-1,82E+02	8,39E-10	9,00E+01												
0,00	-1,81E+02	8,59E-10	9,00E+01												
0,00	-1,81E+02	8,79E-10	9,00E+01												
0,00	-1,81E+02	8,99E-10	9,00E+01												
0,00	-1,81E+02	9,20E-10	9,00E+01												
0,00	-1,81E+02	9,42E-10	9,00E+01												
0,00	-1,80E+02	9,64E-10	9,00E+01												
0,00	-1,80E+02	9,86E-10	9,00E+01												
0,00	-1,80E+02	1,01E-09	9,00E+01												
0,00	-1,80E+02	1,03E-09	9,00E+01												
0,00	-1,80E+02	1,06E-09	9,00E+01												
0,00	-1,79E+02	1,08E-09	9,00E+01												
0,00	-1,79E+02	1,11E-09	9,00E+01												
0,00	-1,79E+02	1,13E-09	9,00E+01												
0,00	-1,79E+02	1,16E-09	9,00E+01												
0,00	-1,79E+02	1,19E-09	9,00E+01												
0,00	-1,78E+02	1,21E-09	9,00E+01												
0,00	-1,78E+02	1,24E-09	9,00E+01												
0,00	-1,78E+02	1,27E-09	9,00E+01												
0,00	-1,78E+02	1,30E-09	9,00E+01												
0,00	-1,78E+02	1,33E-09	9,00E+01												
0,00	-1,77E+02	1,36E-09	9,00E+01												
0,00	-1,77E+02	1,39E-09	9,00E+01												
0,00	-1,77E+02	1,43E-09	9,00E+01							1	-3,03				
0,00	-1,77E+02	1,46E-09	9,00E+01							1000000000	-3,03				
0,00	-1,77E+02	1,49E-09	9,00E+01												
0,00	-1,76E+02	1,53E-09	9,00E+01												
0,00	-1,76E+02	1,56E-09	9,00E+01								14,79	-1,00E+02		26915300,00	-1,00E+02
0,00	-1,76E+02	1,60E-09	9,00E+01								14791,1	-4,01E+01		26915,3	-4,01E+01
0,00	-1,76E+02	1,64E-09	9,00E+01												
0,00	-1,76E+02	1,67E-09	9,00E+01												
0,00	-1,75E+02	1,71E-09	9,00E+01												
0,00	-1,75E+02	1,75E-09	9,00E+01												
0,00	-1,75E+02	1,79E-09	9,00E+01												
0,00	-1,75E+02	1,84E-09	9,00E+01												
0,00	-1,75E+02	1,88E-09	9,00E+01												
0,00	-1,74E+02	1,92E-09	9,00E+01												
0,00	-1,74E+02	1,97E-09	9,00E+01												
0,00	-1,74E+02	2,01E-09	9,00E+01												
0,00	-1,74E+02	2,06E-09	9,00E+01												
0,00	-1,74E+02	2,11E-09	9,00E+01												
0,00	-1,73E+02	2,16E-09	9,00E+01												
0,00	-1,73E+02	2,21E-09	9,00E+01												
0,00	-1,73E+02	2,26E-09	9,00E+01												
0,00	-1,73E+02	2,31E-09	9,00E+01												
0,00	-1,73E+02	2,37E-09	9,00E+01												
0,00	-1,72E+02	2,42E-09	9,00E+01												
0,00	-1,72E+02	2,48E-09	9,00E+01												
0,00	-1,72E+02	2,53E-09	9,00E+01												
0,00	-1,72E+02	2,59E-09	9,00E+01												
0,00	-1,72E+02	2,65E-09	9,00E+01												
0,00	-1,71E+02	2,72E-09	9,00E+01												
0,00	-1,71E+02	2,78E-09	9,00E+01												
0,00	-1,71E+02	2,84E-09	9,00E+01												
0,00	-1,71E+02	2,91E-09	9,00E+01												
0,00	-1,71E+02	2,98E-09	9,00E+01												
0,00	-1,70E+02	3,05E-09	9,00E+01												
0,00	-1,70E+02	3,12E-09	9,00E+01												
0,00	-1,70E+02	3,19E-09	9,00E+01												
0,00	-1,70E+02	3,27E-09	9,00E+01												
0,01	-1,70E+02	3,34E-09	9,00E+01												
0,01	-1,69E+02	3,42E-09	9,00E+01												
0,01	-1,69E+02	3,50E-09	9,00E+01												
0,01	-1,69E+02	3,58E-09	9,00E+01												
0,01	-1,69E+02	3,66E-09	9,00E+01												
0,01	-1,69E+02	3,75E-09	9,00E+01												
0,01	-1,68E+02	3,84E-09	9,00E+01												
0,01	-1,68E+02	3,93E-09	9,00E+01												
0,01	-1,68E+02	4,02E-09	9,00E+01												
0,01	-1,68E+02	4,11E-09	9,00E+01												
0,01	-1,68E+02	4,21E-09	9,00E+01												
0,01	-1,67E+02	4,30E-09	9,00E+01												
0,01	-1,67E+02	4,40E-09	9,00E+01												
0,01	-1,67E+02	4,51E-09	9,00E+01												
0,01	-1,67E+02	4,61E-09	9,00E+01												
0,01	-1,67E+02	4,72E-09	9,00E+01												
0,01	-1,66E+02	4,83E-09	9,00E+01												
0,01	-1,66E+02	4,94E-09	9,00E+01												
0,01	-1,66E+02	5,06E-09	9,00E+01												
0,01	-1,66E+02	5,17E-09	9,00E+01												
0,01	-1,66E+02	5,30E-09	9,00E+01												
0,01	-1,65E+02	5,42E-09	9,00E+01												
0,01	-1,65E+02	5,55E-09	9,00E+01												
0,01	-1,65E+02	5,67E-09	9,00E+01												
0,01	-1,65E+02	5,81E-09	9,00E+01												
0,01	-1,65E+02	5,94E-09	9,00E+01												
0,01	-1,64E+02	6,08E-09	9,00E+01												
0,01	-1,64E+02	6,22E-09	9,00E+01												
0,01	-1,64E+02	6,37E-09	9,00E+01												
0,01	-1,64E+02	6,51E-09	9,00E+01												
0,01	-1,64E+02	6,67E-09	9,00E+01												
0,01	-1,63E+02	6,82E-09	9,00E+01												
0,01	-1,63E+02	6,98E-09	9,00E+01												
0,01	-1,63E+02	7,14E-09	9,00E+01												
0,01	-1,63E+02	7,31E-09	9,00E+01												
0,01	-1,63E+02	7,48E-09	9,00E+01												
0,01	-1,62E+02	7,65E-09	9,00E+01				-0,518118	-3,528118							
0,01	-1,62E+02	7,83E-09	9,00E+01												
0,01	-1,62E+02	8,02E-09	9,00E+01												
0,01	-1,62E+02	8,20E-09	9,00E+01												
0,01	-1,62E+02	8,39E-09	9,00E+01												
0,01	-1,61E+02	8,59E-09	9,00E+01												
0,01	-1,61E+02	8,79E-09	9,00E+01												
0,01	-1,61E+02	8,99E-09	9,00E+01												
0,01	-1,61E+02	9,20E-09	9,00E+01												
0,01	-1,61E+02	9,42E-09	9,00E+01												
0,01	-1,60E+02	9,64E-09	9,00E+01												
0,01	-1,60E+02	9,86E-09	9,00E+01												
0,02	-1,60E+02	1,01E-08	9,00E+01												
0,02	-1,60E+02	1,03E-08	9,00E+01												
0,02	-1,60E+02	1,06E-08	9,00E+01												
0,02	-1,59E+02	1,08E-08	9,00E+01												
0,02	-1,59E+02	1,11E-08	9,00E+01												
0,02	-1,59E+02	1,13E-08	9,00E+01												
0,02	-1,59E+02	1,16E-08	9,00E+01												
0,02	-1,59E+02	1,19E-08	9,00E+01												
0,02	-1,58E+02	1,21E-08	9,00E+01												
0,02	-1,58E+02	1,24E-08	9,00E+01												
0,02	-1,58E+02	1,27E-08	9,00E+01												
0,02	-1,58E+02	1,30E-08	9,00E+01												
0,02	-1,58E+02	1,33E-08	9,00E+01												
0,02	-1,57E+02	1,36E-08	9,00E+01												
0,02	-1,57E+02	1,39E-08	9,00E+01												
0,02	-1,57E+02	1,43E-08	9,00E+01												
0,02	-1,57E+02	1,46E-08	9,00E+01												
0,02	-1,57E+02	1,49E-08	9,00E+01												
0,02	-1,56E+02	1,53E-08	9,00E+01												
0,02	-1,56E+02	1,56E-08	9,00E+01												
0,02	-1,56E+02	1,60E-08	9,00E+01												
0,02	-1,56E+02	1,64E-08	9,00E+01												
0,03	-1,56E+02	1,67E-08	9,00E+01												
0,03	-1,55E+02	1,71E-08	9,00E+01												
0,03	-1,55E+02	1,75E-08	9,00E+01												
0,03	-1,55E+02	1,79E-08	9,00E+01												
0,03	-1,55E+02	1,84E-08	9,00E+01												
0,03	-1,55E+02	1,88E-08	9,00E+01												
0,03	-1,54E+02	1,92E-08	9,00E+01												
0,03	-1,54E+02	1,97E-08	9,00E+01												
0,03	-1,54E+02	2,01E-08	9,00E+01												
0,03	-1,54E+02	2,06E-08	9,00E+01												
0,03	-1,54E+02	2,11E-08	9,00E+01												
0,03	-1,53E+02	2,16E-08	9,00E+01												
0,03	-1,53E+02	2,21E-08	9,00E+01												
0,03	-1,53E+02	2,26E-08	9,00E+01												
0,03	-1,53E+02	2,31E-08	9,00E+01												
0,04	-1,53E+02	2,37E-08	9,00E+01												
0,04	-1,52E+02	2,42E-08	9,00E+01												
0,04	-1,52E+02	2,48E-08	9,00E+01												
0,04	-1,52E+02	2,53E-08	9,00E+01												
0,04	-1,52E+02	2,59E-08	9,00E+01												
0,04	-1,52E+02	2,65E-08	9,00E+01												
0,04	-1,51E+02	2,72E-08	9,00E+01												
0,04	-1,51E+02	2,78E-08	9,00E+01												
0,04	-1,51E+02	2,84E-08	9,00E+01												
0,04	-1,51E+02	2,91E-08	9,00E+01												
0,04	-1,51E+02	2,98E-08	9,00E+01												
0,05	-1,50E+02	3,05E-08	9,00E+01												
0,05	-1,50E+02	3,12E-08	9,00E+01												
0,05	-1,50E+02	3,19E-08	9,00E+01												
0,05	-1,50E+02	3,27E-08	9,00E+01												
0,05	-1,50E+02	3,34E-08	9,00E+01												
0,05	-1,49E+02	3,42E-08	9,00E+01												
0,05	-1,49E+02	3,50E-08	9,00E+01												
0,05	-1,49E+02	3,58E-08	9,00E+01												
0,05	-1,49E+02	3,66E-08	9,00E+01												
0,06	-1,49E+02	3,75E-08	9,00E+01												
0,06	-1,48E+02	3,84E-08	9,00E+01												
0,06	-1,48E+02	3,93E-08	9,00E+01												
0,06	-1,48E+02	4,02E-08	9,00E+01												
0,06	-1,48E+02	4,11E-08	9,00E+01												
0,06	-1,48E+02	4,21E-08	9,00E+01												
0,06	-1,47E+02	4,30E-08	9,00E+01												
0,07	-1,47E+02	4,40E-08	9,00E+01												
0,07	-1,47E+02	4,51E-08	9,00E+01												
0,07	-1,47E+02	4,61E-08	9,00E+01												
0,07	-1,47E+02	4,72E-08	9,00E+01												
0,07	-1,46E+02	4,83E-08	9,00E+01												
0,07	-1,46E+02	4,94E-08	9,00E+01												
0,08	-1,46E+02	5,06E-08	9,00E+01												
0,08	-1,46E+02	5,17E-08	9,00E+01												
0,08	-1,46E+02	5,30E-08	9,00E+01												
0,08	-1,45E+02	5,42E-08	9,00E+01												
0,08	-1,45E+02	5,55E-08	9,00E+01												
0,09	-1,45E+02	5,67E-08	9,00E+01												
0,09	-1,45E+02	5,81E-08	9,00E+01												
0,09	-1,45E+02	5,94E-08	9,00E+01												
0,09	-1,44E+02	6,08E-08	9,00E+01												
0,09	-1,44E+02	6,22E-08	9,00E+01												
0,10	-1,44E+02	6,37E-08	9,00E+01												
0,10	-1,44E+02	6,51E-08	9,00E+01												
0,10	-1,44E+02	6,67E-08	9,00E+01												
0,10	-1,43E+02	6,82E-08	9,00E+01												
0,10	-1,43E+02	6,98E-08	9,00E+01												
0,11	-1,43E+02	7,14E-08	9,00E+01												
0,11	-1,43E+02	7,31E-08	9,00E+01												
0,11	-1,43E+02	7,48E-08	9,00E+01												
0,11	-1,42E+02	7,65E-08	9,00E+01												
0,12	-1,42E+02	7,83E-08	9,00E+01												
0,12	-1,42E+02	8,02E-08	9,00E+01												
0,12	-1,42E+02	8,20E-08	9,00E+01												
0,13	-1,42E+02	8,39E-08	9,00E+01												
0,13	-1,41E+02	8,59E-08	9,00E+01												
0,13	-1,41E+02	8,79E-08	9,00E+01												
0,13	-1,41E+02	8,99E-08	9,00E+01												
0,14	-1,41E+02	9,20E-08	9,00E+01												
0,14	-1,41E+02	9,42E-08	9,00E+01												
0,14	-1,40E+02	9,64E-08	9,00E+01												
0,15	-1,40E+02	9,86E-08	9,00E+01												
0,15	-1,40E+02	1,01E-07	9,00E+01												
0,15	-1,40E+02	1,03E-07	9,00E+01												
0,16	-1,40E+02	1,06E-07	9,00E+01												
0,16	-1,39E+02	1,08E-07	9,00E+01												
0,17	-1,39E+02	1,11E-07	9,00E+01												
0,17	-1,39E+02	1,13E-07	9,00E+01												
0,17	-1,39E+02	1,16E-07	9,00E+01												
0,18	-1,39E+02	1,19E-07	9,00E+01												
0,18	-1,38E+02	1,21E-07	9,00E+01												
0,19	-1,38E+02	1,24E-07	9,00E+01												
0,19	-1,38E+02	1,27E-07	9,00E+01												
0,19	-1,38E+02	1,30E-07	9,00E+01												
0,20	-1,38E+02	1,33E-07	9,00E+01												
0,20	-1,37E+02	1,36E-07	9,00E+01												
0,21	-1,37E+02	1,39E-07	9,00E+01												
0,21	-1,37E+02	1,43E-07	9,00E+01												
0,22	-1,37E+02	1,46E-07	9,00E+01												
0,22	-1,37E+02	1,49E-07	9,00E+01												
0,23	-1,36E+02	1,53E-07	9,00E+01												
0,23	-1,36E+02	1,56E-07	9,00E+01												
0,24	-1,36E+02	1,60E-07	9,00E+01												
0,25	-1,36E+02	1,64E-07	9,00E+01												
0,25	-1,36E+02	1,67E-07	9,00E+01												
0,26	-1,35E+02	1,71E-07	9,00E+01												
0,26	-1,35E+02	1,75E-07	9,00E+01												
0,27	-1,35E+02	1,79E-07	9,00E+01												
0,28	-1,35E+02	1,84E-07	9,00E+01												
0,28	-1,35E+02	1,88E-07	9,00E+01												
0,29	-1,34E+02	1,92E-07	9,00E+01												
0,30	-1,34E+02	1,97E-07	9,00E+01												
0,30	-1,34E+02	2,01E-07	9,00E+01												
0,31	-1,34E+02	2,06E-07	9,00E+01												
0,32	-1,34E+02	2,11E-07	9,00E+01												
0,32	-1,33E+02	2,16E-07	9,00E+01												
0,33	-1,33E+02	2,21E-07	9,00E+01												
0,34	-1,33E+02	2,26E-07	9,00E+01												
0,35	-1,33E+02	2,31E-07	9,00E+01												
0,35	-1,33E+02	2,37E-07	9,00E+01												
0,36	-1,32E+02	2,42E-07	9,00E+01												
0,37	-1,32E+02	2,48E-07	9,00E+01												
0,38	-1,32E+02	2,53E-07	9,00E+01												
0,39	-1,32E+02	2,59E-07	9,00E+01												
0,40	-1,32E+02	2,65E-07	9,00E+01												
0,41	-1,31E+02	2,72E-07	9,00E+01												
0,42	-1,31E+02	2,78E-07	9,00E+01												
0,43	-1,31E+02	2,84E-07	9,00E+01												
0,44	-1,31E+02	2,91E-07	9,00E+01												
0,45	-1,31E+02	2,98E-07	9,00E+01												
0,46	-1,30E+02	3,05E-07	9,00E+01												
0,47	-1,30E+02	3,12E-07	9,00E+01												
0,48	-1,30E+02	3,19E-07	9,00E+01												
0,49	-1,30E+02	3,27E-07	9,00E+01												
0,50	-1,30E+02	3,34E-07	9,00E+01												
0,51	-1,29E+02	3,42E-07	9,00E+01												
0,52	-1,29E+02	3,50E-07	9,00E+01												
0,54	-1,29E+02	3,58E-07	9,00E+01												
0,55	-1,29E+02	3,66E-07	9,00E+01												
0,56	-1,29E+02	3,75E-07	9,00E+01												
0,58	-1,28E+02	3,84E-07	9,00E+01												
0,59	-1,28E+02	3,93E-07	9,00E+01												
0,60	-1,28E+02	4,02E-07	9,00E+01												
0,62	-1,28E+02	4,11E-07	9,00E+01												
0,63	-1,28E+02	4,21E-07	9,00E+01												
0,65	-1,27E+02	4,30E-07	9,00E+01												
0,66	-1,27E+02	4,40E-07	9,00E+01												
0,68	-1,27E+02	4,51E-07	9,00E+01												
0,69	-1,27E+02	4,61E-07	9,00E+01												
0,71	-1,27E+02	4,72E-07	9,00E+01												
0,72	-1,26E+02	4,83E-07	9,00E+01												
0,74	-1,26E+02	4,94E-07	9,00E+01												
0,76	-1,26E+02	5,06E-07	9,00E+01												
0,78	-1,26E+02	5,17E-07	9,00E+01												
0,79	-1,26E+02	5,30E-07	9,00E+01												
0,81	-1,25E+02	5,42E-07	9,00E+01												
0,83	-1,25E+02	5,55E-07	9,00E+01												
0,85	-1,25E+02	5,67E-07	9,00E+01												
0,87	-1,25E+02	5,81E-07	9,00E+01												
0,89	-1,25E+02	5,94E-07	9,00E+01												
0,91	-1,24E+02	6,08E-07	9,00E+01												
0,93	-1,24E+02	6,22E-07	9,00E+01												
0,95	-1,24E+02	6,37E-07	9,00E+01												
0,98	-1,24E+02	6,51E-07	9,00E+01												
1,00	-1,24E+02	6,67E-07	9,00E+01												
1,02	-1,23E+02	6,82E-07	9,00E+01												
1,05	-1,23E+02	6,98E-07	9,00E+01												
1,07	-1,23E+02	7,14E-07	9,00E+01												
1,10	-1,23E+02	7,31E-07	9,00E+01												
1,12	-1,23E+02	7,48E-07	9,00E+01												
1,15	-1,22E+02	7,65E-07	9,00E+01												
1,17	-1,22E+02	7,83E-07	9,00E+01												
1,20	-1,22E+02	8,02E-07	9,00E+01												
1,23	-1,22E+02	8,20E-07	9,00E+01												
1,26	-1,22E+02	8,39E-07	9,00E+01												
1,29	-1,21E+02	8,59E-07	9,00E+01												
1,32	-1,21E+02	8,79E-07	9,00E+01												
1,35	-1,21E+02	8,99E-07	9,00E+01												
1,38	-1,21E+02	9,20E-07	9,00E+01												
1,41	-1,21E+02	9,42E-07	9,00E+01												
1,45	-1,20E+02	9,64E-07	9,00E+01												
1,48	-1,20E+02	9,86E-07	9,00E+01												
1,51	-1,20E+02	1,01E-06	9,00E+01												
1,55	-1,20E+02	1,03E-06	9,00E+01												
1,58	-1,20E+02	1,06E-06	9,00E+01												
1,62	-1,19E+02	1,08E-06	9,00E+01												
1,66	-1,19E+02	1,11E-06	9,00E+01												
1,70	-1,19E+02	1,13E-06	9,00E+01												
1,74	-1,19E+02	1,16E-06	9,00E+01												
1,78	-1,19E+02	1,19E-06	9,00E+01												
1,82	-1,18E+02	1,21E-06	9,00E+01												
1,86	-1,18E+02	1,24E-06	9,00E+01												
1,91	-1,18E+02	1,27E-06	9,00E+01												
1,95	-1,18E+02	1,30E-06	9,00E+01												
2,00	-1,18E+02	1,33E-06	9,00E+01												
2,04	-1,17E+02	1,36E-06	9,00E+01												
2,09	-1,17E+02	1,39E-06	9,00E+01												
2,14	-1,17E+02	1,43E-06	9,00E+01												
2,19	-1,17E+02	1,46E-06	9,00E+01												
2,24	-1,17E+02	1,49E-06	9,00E+01												
2,29	-1,16E+02	1,53E-06	9,00E+01												
2,34	-1,16E+02	1,56E-06	9,00E+01												
2,40	-1,16E+02	1,60E-06	9,00E+01												
2,45	-1,16E+02	1,64E-06	9,00E+01												
2,51	-1,16E+02	1,67E-06	9,00E+01												
2,57	-1,15E+02	1,71E-06	9,00E+01												
2,63	-1,15E+02	1,75E-06	9,00E+01												
2,69	-1,15E+02	1,79E-06	9,00E+01												
2,75	-1,15E+02	1,84E-06	9,00E+01												
2,82	-1,15E+02	1,88E-06	9,00E+01												
2,88	-1,14E+02	1,92E-06	9,00E+01												
2,95	-1,14E+02	1,97E-06	9,00E+01												
3,02	-1,14E+02	2,01E-06	9,00E+01												
3,09	-1,14E+02	2,06E-06	9,00E+01												
3,16	-1,14E+02	2,11E-06	9,00E+01												
3,24	-1,13E+02	2,16E-06	9,00E+01												
3,31	-1,13E+02	2,21E-06	9,00E+01												
3,39	-1,13E+02	2,26E-06	9,00E+01												
3,47	-1,13E+02	2,31E-06	9,00E+01												
3,55	-1,13E+02	2,37E-06	9,00E+01												
3,63	-1,12E+02	2,42E-06	9,00E+01												
3,72	-1,12E+02	2,48E-06	9,00E+01												
3,80	-1,12E+02	2,53E-06	9,00E+01												
3,89	-1,12E+02	2,59E-06	9,00E+01												
3,98	-1,12E+02	2,65E-06	9,00E+01												
4,07	-1,11E+02	2,72E-06	9,00E+01												
4,17	-1,11E+02	2,78E-06	9,00E+01												
4,27	-1,11E+02	2,84E-06	9,00E+01												
4,37	-1,11E+02	2,91E-06	9,00E+01												
4,47	-1,11E+02	2,98E-06	9,00E+01												
4,57	-1,10E+02	3,05E-06	9,00E+01												
4,68	-1,10E+02	3,12E-06	9,00E+01												
4,79	-1,10E+02	3,19E-06	9,00E+01												
4,90	-1,10E+02	3,27E-06	9,00E+01												
5,01	-1,10E+02	3,34E-06	9,00E+01												
5,13	-1,09E+02	3,42E-06	9,00E+01												
5,25	-1,09E+02	3,50E-06	9,00E+01												
5,37	-1,09E+02	3,58E-06	9,00E+01												
5,50	-1,09E+02	3,66E-06	9,00E+01												
5,62	-1,09E+02	3,75E-06	9,00E+01												
5,75	-1,08E+02	3,84E-06	9,00E+01												
5,89	-1,08E+02	3,93E-06	9,00E+01												
6,03	-1,08E+02	4,02E-06	9,00E+01												
6,17	-1,08E+02	4,11E-06	9,00E+01												
6,31	-1,08E+02	4,21E-06	9,00E+01												
6,46	-1,07E+02	4,30E-06	9,00E+01												
6,61	-1,07E+02	4,40E-06	9,00E+01												
6,76	-1,07E+02	4,51E-06	9,00E+01												
6,92	-1,07E+02	4,61E-06	9,00E+01												
7,08	-1,07E+02	4,72E-06	9,00E+01												
7,24	-1,06E+02	4,83E-06	9,00E+01												
7,41	-1,06E+02	4,94E-06	9,00E+01												
7,59	-1,06E+02	5,06E-06	9,00E+01												
7,76	-1,06E+02	5,17E-06	9,00E+01												
7,94	-1,06E+02	5,30E-06	9,00E+01												
8,13	-1,05E+02	5,42E-06	9,00E+01												
8,32	-1,05E+02	5,55E-06	9,00E+01												
8,51	-1,05E+02	5,67E-06	9,00E+01												
8,71	-1,05E+02	5,81E-06	9,00E+01												
8,91	-1,05E+02	5,94E-06	9,00E+01												
9,12	-1,04E+02	6,08E-06	9,00E+01												
9,33	-1,04E+02	6,22E-06	9,00E+01												
9,55	-1,04E+02	6,37E-06	9,00E+01												
9,77	-1,04E+02	6,51E-06	9,00E+01												
10,00	-1,04E+02	6,67E-06	9,00E+01												
10,23	-1,03E+02	6,82E-06	9,00E+01												
10,47	-1,03E+02	6,98E-06	9,00E+01												
10,72	-1,03E+02	7,14E-06	9,00E+01												
10,96	-1,03E+02	7,31E-06	9,00E+01												
11,22	-1,03E+02	7,48E-06	9,00E+01												
11,48	-1,02E+02	7,65E-06	9,00E+01												
11,75	-1,02E+02	7,83E-06	9,00E+01												
12,02	-1,02E+02	8,02E-06	9,00E+01												
12,30	-1,02E+02	8,20E-06	9,00E+01												
12,59	-1,02E+02	8,39E-06	9,00E+01												
12,88	-1,01E+02	8,59E-06	9,00E+01												
13,18	-1,01E+02	8,79E-06	9,00E+01												
13,49	-1,01E+02	8,99E-06	9,00E+01												
13,80	-1,01E+02	9,20E-06	9,00E+01												
14,13	-1,01E+02	9,42E-06	9,00E+01												
14,45	-1,00E+02	9,64E-06	9,00E+01												
14,79	-1,00E+02	9,86E-06	9,00E+01												
15,14	-9,99E+01	1,01E-05	9,00E+01												
15,49	-9,97E+01	1,03E-05	9,00E+01												
15,85	-9,95E+01	1,06E-05	9,00E+01												
16,22	-9,93E+01	1,08E-05	9,00E+01												
16,60	-9,91E+01	1,11E-05	9,00E+01												
16,98	-9,89E+01	1,13E-05	9,00E+01												
17,38	-9,87E+01	1,16E-05	9,00E+01												
17,78	-9,85E+01	1,19E-05	9,00E+01												
18,20	-9,83E+01	1,21E-05	9,00E+01												
18,62	-9,81E+01	1,24E-05	9,00E+01												
19,05	-9,79E+01	1,27E-05	9,00E+01												
19,50	-9,77E+01	1,30E-05	9,00E+01												
19,95	-9,75E+01	1,33E-05	9,00E+01												
20,42	-9,73E+01	1,36E-05	9,00E+01												
20,89	-9,71E+01	1,39E-05	9,00E+01												
21,38	-9,69E+01	1,43E-05	9,00E+01												
21,88	-9,67E+01	1,46E-05	9,00E+01												
22,39	-9,65E+01	1,49E-05	9,00E+01												
22,91	-9,63E+01	1,53E-05	9,00E+01												
23,44	-9,61E+01	1,56E-05	9,00E+01												
23,99	-9,59E+01	1,60E-05	9,00E+01												
24,55	-9,57E+01	1,64E-05	9,00E+01												
25,12	-9,55E+01	1,67E-05	9,00E+01												
25,70	-9,53E+01	1,71E-05	9,00E+01												
26,30	-9,51E+01	1,75E-05	9,00E+01												
26,92	-9,49E+01	1,79E-05	9,00E+01												
27,54	-9,47E+01	1,84E-05	9,00E+01												
28,18	-9,45E+01	1,88E-05	9,00E+01												
28,84	-9,43E+01	1,92E-05	9,00E+01												
29,51	-9,41E+01	1,97E-05	9,00E+01												
30,20	-9,39E+01	2,01E-05	9,00E+01												
30,90	-9,37E+01	2,06E-05	9,00E+01												
31,62	-9,35E+01	2,11E-05	9,00E+01												
32,36	-9,33E+01	2,16E-05	9,00E+01												
33,11	-9,31E+01	2,21E-05	9,00E+01												
33,88	-9,29E+01	2,26E-05	9,00E+01												
34,67	-9,27E+01	2,31E-05	9,00E+01												
35,48	-9,25E+01	2,37E-05	9,00E+01												
36,31	-9,23E+01	2,42E-05	9,00E+01												
37,15	-9,21E+01	2,48E-05	9,00E+01												
38,02	-9,19E+01	2,53E-05	9,00E+01												
38,90	-9,17E+01	2,59E-05	9,00E+01												
39,81	-9,15E+01	2,65E-05	9,00E+01												
40,74	-9,13E+01	2,72E-05	9,00E+01												
41,69	-9,11E+01	2,78E-05	9,00E+01												
42,66	-9,09E+01	2,84E-05	9,00E+01												
43,65	-9,07E+01	2,91E-05	9,00E+01												
44,67	-9,05E+01	2,98E-05	9,00E+01												
45,71	-9,03E+01	3,05E-05	9,00E+01												
46,77	-9,01E+01	3,12E-05	9,00E+01												
47,86	-8,99E+01	3,19E-05	9,00E+01												
48,98	-8,97E+01	3,27E-05	9,00E+01												
50,12	-8,95E+01	3,34E-05	9,00E+01												
51,29	-8,93E+01	3,42E-05	9,00E+01												
52,48	-8,91E+01	3,50E-05	9,00E+01												
53,70	-8,89E+01	3,58E-05	9,00E+01												
54,95	-8,87E+01	3,66E-05	9,00E+01												
56,23	-8,85E+01	3,75E-05	9,00E+01												
57,54	-8,83E+01	3,84E-05	9,00E+01												
58,88	-8,81E+01	3,93E-05	9,00E+01												
60,26	-8,79E+01	4,02E-05	9,00E+01												
61,66	-8,77E+01	4,11E-05	9,00E+01												
63,10	-8,75E+01	4,21E-05	9,00E+01												
64,57	-8,73E+01	4,30E-05	9,00E+01												
66,07	-8,71E+01	4,40E-05	9,00E+01												
67,61	-8,69E+01	4,51E-05	9,00E+01												
69,18	-8,67E+01	4,61E-05	9,00E+01												
70,79	-8,65E+01	4,72E-05	9,00E+01												
72,44	-8,63E+01	4,83E-05	9,00E+01												
74,13	-8,61E+01	4,94E-05	9,00E+01												
75,86	-8,59E+01	5,06E-05	9,00E+01												
77,62	-8,57E+01	5,18E-05	9,00E+01												
79,43	-8,55E+01	5,30E-05	9,00E+01												
81,28	-8,53E+01	5,42E-05	9,00E+01												
83,18	-8,51E+01	5,55E-05	9,00E+01												
85,11	-8,49E+01	5,67E-05	9,00E+01												
87,10	-8,47E+01	5,81E-05	9,00E+01												
89,13	-8,45E+01	5,94E-05	9,00E+01												
91,20	-8,43E+01	6,08E-05	9,00E+01												
93,33	-8,41E+01	6,22E-05	9,00E+01												
95,50	-8,39E+01	6,37E-05	9,00E+01												
97,72	-8,37E+01	6,52E-05	9,00E+01												
100,00	-8,35E+01	6,67E-05	9,00E+01												
102,33	-8,33E+01	6,82E-05	9,00E+01												
104,71	-8,31E+01	6,98E-05	9,00E+01												
107,15	-8,29E+01	7,14E-05	9,00E+01												
109,65	-8,27E+01	7,31E-05	9,00E+01												
112,20	-8,25E+01	7,48E-05	9,00E+01												
114,82	-8,23E+01	7,65E-05	9,00E+01												
117,49	-8,21E+01	7,83E-05	9,00E+01												
120,23	-8,19E+01	8,02E-05	9,00E+01												
123,03	-8,17E+01	8,20E-05	9,00E+01												
125,89	-8,15E+01	8,39E-05	9,00E+01												
128,83	-8,13E+01	8,59E-05	9,00E+01												
131,83	-8,11E+01	8,79E-05	9,00E+01												
134,90	-8,09E+01	8,99E-05	9,00E+01												
138,04	-8,07E+01	9,20E-05	9,00E+01												
141,25	-8,05E+01	9,42E-05	9,00E+01												
144,54	-8,03E+01	9,64E-05	9,00E+01												
147,91	-8,01E+01	9,86E-05	9,00E+01												
151,36	-7,99E+01	1,01E-04	9,00E+01												
154,88	-7,97E+01	1,03E-04	9,00E+01												
158,49	-7,95E+01	1,06E-04	9,00E+01												
162,18	-7,93E+01	1,08E-04	9,00E+01												
165,96	-7,91E+01	1,11E-04	9,00E+01												
169,82	-7,89E+01	1,13E-04	9,00E+01												
173,78	-7,87E+01	1,16E-04	9,00E+01												
177,83	-7,85E+01	1,19E-04	9,00E+01												
181,97	-7,83E+01	1,21E-04	9,00E+01												
186,21	-7,81E+01	1,24E-04	9,00E+01												
190,55	-7,79E+01	1,27E-04	9,00E+01												
194,98	-7,77E+01	1,30E-04	9,00E+01												
199,53	-7,75E+01	1,33E-04	9,00E+01												
204,17	-7,73E+01	1,36E-04	9,00E+01												
208,93	-7,71E+01	1,39E-04	9,00E+01												
213,80	-7,69E+01	1,43E-04	9,00E+01												
218,78	-7,67E+01	1,46E-04	9,00E+01												
223,87	-7,65E+01	1,49E-04	9,00E+01												
229,09	-7,63E+01	1,53E-04	9,00E+01												
234,42	-7,61E+01	1,56E-04	9,00E+01												
239,88	-7,59E+01	1,60E-04	9,00E+01												
245,47	-7,57E+01	1,64E-04	9,00E+01												
251,19	-7,55E+01	1,67E-04	9,00E+01												
257,04	-7,53E+01	1,71E-04	9,00E+01												
263,03	-7,51E+01	1,75E-04	9,00E+01												
269,15	-7,49E+01	1,79E-04	9,00E+01												
275,42	-7,47E+01	1,84E-04	9,00E+01												
281,84	-7,45E+01	1,88E-04	9,00E+01												
288,40	-7,43E+01	1,92E-04	9,00E+01												
295,12	-7,41E+01	1,97E-04	9,00E+01												
302,00	-7,39E+01	2,01E-04	9,00E+01												
309,03	-7,37E+01	2,06E-04	9,00E+01												
316,23	-7,35E+01	2,11E-04	9,00E+01												
323,59	-7,33E+01	2,16E-04	9,00E+01												
331,13	-7,31E+01	2,21E-04	9,00E+01												
338,84	-7,29E+01	2,26E-04	9,00E+01												
346,74	-7,27E+01	2,31E-04	9,00E+01												
354,81	-7,25E+01	2,37E-04	9,00E+01												
363,08	-7,23E+01	2,42E-04	9,00E+01												
371,54	-7,21E+01	2,48E-04	9,00E+01												
380,19	-7,19E+01	2,54E-04	9,00E+01												
389,05	-7,17E+01	2,59E-04	9,00E+01												
398,11	-7,15E+01	2,66E-04	9,00E+01												
407,38	-7,13E+01	2,72E-04	9,00E+01												
416,87	-7,11E+01	2,78E-04	9,00E+01												
426,58	-7,09E+01	2,85E-04	9,00E+01												
436,52	-7,07E+01	2,91E-04	9,00E+01												
446,68	-7,05E+01	2,98E-04	9,00E+01												
457,09	-7,03E+01	3,05E-04	9,00E+01												
467,74	-7,01E+01	3,12E-04	9,00E+01												
478,63	-6,99E+01	3,19E-04	9,00E+01												
489,78	-6,97E+01	3,27E-04	9,00E+01												
501,19	-6,95E+01	3,34E-04	9,00E+01												
512,86	-6,93E+01	3,42E-04	9,00E+01												
524,81	-6,91E+01	3,50E-04	9,00E+01												
537,03	-6,89E+01	3,58E-04	9,00E+01												
549,54	-6,87E+01	3,67E-04	9,00E+01												
562,34	-6,85E+01	3,75E-04	9,00E+01												
575,44	-6,83E+01	3,84E-04	9,00E+01												
588,84	-6,81E+01	3,93E-04	9,00E+01												
602,56	-6,79E+01	4,02E-04	9,00E+01												
616,60	-6,77E+01	4,11E-04	9,00E+01												
630,96	-6,75E+01	4,21E-04	9,00E+01												
645,65	-6,73E+01	4,31E-04	9,00E+01												
660,69	-6,71E+01	4,41E-04	9,00E+01												
676,08	-6,69E+01	4,51E-04	9,00E+01												
691,83	-6,67E+01	4,62E-04	9,00E+01												
707,95	-6,65E+01	4,73E-04	9,00E+01												
724,44	-6,63E+01	4,84E-04	9,00E+01												
741,31	-6,61E+01	4,95E-04	9,00E+01												
758,58	-6,59E+01	5,06E-04	9,00E+01												
776,25	-6,57E+01	5,18E-04	9,00E+01												
794,33	-6,55E+01	5,30E-04	9,00E+01												
812,83	-6,53E+01	5,43E-04	9,00E+01												
831,76	-6,51E+01	5,55E-04	9,00E+01												
851,14	-6,49E+01	5,68E-04	9,00E+01												
870,96	-6,47E+01	5,82E-04	9,00E+01												
891,25	-6,45E+01	5,95E-04	9,00E+01												
912,01	-6,43E+01	6,09E-04	9,00E+01												
933,25	-6,41E+01	6,24E-04	9,00E+01												
954,99	-6,39E+01	6,38E-04	9,00E+01												
977,24	-6,37E+01	6,53E-04	9,00E+01												
1000,00	-6,35E+01	6,68E-04	9,00E+01												
1023,29	-6,33E+01	6,84E-04	9,00E+01												
1047,13	-6,31E+01	7,00E-04	9,00E+01												
1071,52	-6,29E+01	7,16E-04	9,00E+01												
1096,48	-6,27E+01	7,33E-04	9,00E+01												
1122,02	-6,25E+01	7,50E-04	9,00E+01												
1148,15	-6,23E+01	7,68E-04	9,00E+01												
1174,90	-6,21E+01	7,86E-04	9,00E+01												
1202,26	-6,19E+01	8,04E-04	9,00E+01												
1230,27	-6,17E+01	8,23E-04	9,00E+01												
1258,93	-6,15E+01	8,43E-04	9,00E+01												
1288,25	-6,13E+01	8,62E-04	9,00E+01												
1318,26	-6,11E+01	8,83E-04	8,99E+01												
1348,96	-6,09E+01	9,03E-04	8,99E+01												
1380,38	-6,07E+01	9,25E-04	8,99E+01												
1412,54	-6,05E+01	9,46E-04	8,99E+01												
1445,44	-6,03E+01	9,69E-04	8,99E+01												
1479,11	-6,01E+01	9,91E-04	8,99E+01												
1513,56	-5,99E+01	1,01E-03	8,99E+01												
1548,82	-5,97E+01	1,04E-03	8,99E+01												
1584,89	-5,95E+01	1,06E-03	8,99E+01												
1621,81	-5,93E+01	1,09E-03	8,99E+01												
1659,59	-5,91E+01	1,11E-03	8,99E+01												
1698,24	-5,89E+01	1,14E-03	8,99E+01												
1737,80	-5,87E+01	1,17E-03	8,99E+01												
1778,28	-5,85E+01	1,19E-03	8,99E+01												
1819,70	-5,82E+01	1,22E-03	8,99E+01												
1862,09	-5,80E+01	1,25E-03	8,99E+01												
1905,46	-5,78E+01	1,28E-03	8,99E+01												
1949,84	-5,76E+01	1,31E-03	8,99E+01												
1995,26	-5,74E+01	1,34E-03	8,99E+01												
2041,74	-5,72E+01	1,38E-03	8,99E+01												
2089,30	-5,70E+01	1,41E-03	8,99E+01												
2137,96	-5,68E+01	1,44E-03	8,99E+01												
2187,76	-5,66E+01	1,48E-03	8,99E+01												
2238,72	-5,64E+01	1,51E-03	8,99E+01												
2290,87	-5,62E+01	1,55E-03	8,99E+01												
2344,23	-5,60E+01	1,58E-03	8,99E+01												
2398,83	-5,58E+01	1,62E-03	8,99E+01												
2454,71	-5,56E+01	1,66E-03	8,99E+01												
2511,89	-5,54E+01	1,70E-03	8,99E+01												
2570,40	-5,52E+01	1,74E-03	8,99E+01												
2630,27	-5,50E+01	1,78E-03	8,99E+01												
2691,53	-5,48E+01	1,83E-03	8,99E+01												
2754,23	-5,46E+01	1,87E-03	8,99E+01												
2818,38	-5,43E+01	1,92E-03	8,99E+01												
2884,03	-5,41E+01	1,96E-03	8,99E+01												
2951,21	-5,39E+01	2,01E-03	8,99E+01												
3019,95	-5,37E+01	2,06E-03	8,99E+01												
3090,30	-5,35E+01	2,11E-03	8,99E+01												
3162,28	-5,33E+01	2,16E-03	8,99E+01												
3235,94	-5,31E+01	2,22E-03	8,99E+01												
3311,31	-5,29E+01	2,27E-03	8,99E+01												
3388,44	-5,27E+01	2,33E-03	8,99E+01												
3467,37	-5,25E+01	2,38E-03	8,99E+01												
3548,13	-5,22E+01	2,44E-03	8,99E+01												
3630,78	-5,20E+01	2,50E-03	8,99E+01												
3715,35	-5,18E+01	2,57E-03	8,99E+01												
3801,89	-5,16E+01	2,63E-03	8,98E+01												
3890,45	-5,14E+01	2,70E-03	8,98E+01												
3981,07	-5,12E+01	2,76E-03	8,98E+01												
4073,80	-5,10E+01	2,83E-03	8,98E+01												
4168,69	-5,07E+01	2,91E-03	8,98E+01												
4265,80	-5,05E+01	2,98E-03	8,98E+01												
4365,16	-5,03E+01	3,06E-03	8,98E+01												
4466,84	-5,01E+01	3,13E-03	8,98E+01												
4570,88	-4,99E+01	3,22E-03	8,98E+01												
4677,35	-4,96E+01	3,30E-03	8,98E+01												
4786,30	-4,94E+01	3,38E-03	8,98E+01												
4897,79	-4,92E+01	3,47E-03	8,98E+01												
5011,87	-4,90E+01	3,57E-03	8,98E+01												
5128,61	-4,87E+01	3,66E-03	8,98E+01												
5248,07	-4,85E+01	3,76E-03	8,98E+01												
5370,32	-4,83E+01	3,86E-03	8,98E+01												
5495,41	-4,80E+01	3,96E-03	8,98E+01												
5623,41	-4,78E+01	4,07E-03	8,98E+01												
5754,40	-4,76E+01	4,18E-03	8,98E+01												
5888,44	-4,73E+01	4,30E-03	8,98E+01												
6025,60	-4,71E+01	4,42E-03	8,97E+01												
6165,95	-4,69E+01	4,54E-03	8,97E+01												
6309,57	-4,66E+01	4,67E-03	8,97E+01												
6456,54	-4,64E+01	4,81E-03	8,97E+01												
6606,93	-4,61E+01	4,94E-03	8,97E+01												
6760,83	-4,59E+01	5,09E-03	8,97E+01												
6918,31	-4,56E+01	5,24E-03	8,97E+01												
7079,46	-4,54E+01	5,40E-03	8,97E+01												
7244,36	-4,51E+01	5,56E-03	8,97E+01												
7413,10	-4,48E+01	5,73E-03	8,97E+01												
7585,78	-4,46E+01	5,91E-03	8,97E+01												
7762,47	-4,43E+01	6,09E-03	8,97E+01												
7943,28	-4,40E+01	6,29E-03	8,96E+01												
8128,31	-4,38E+01	6,49E-03	8,96E+01												
8317,64	-4,35E+01	6,70E-03	8,96E+01												
8511,38	-4,32E+01	6,93E-03	8,96E+01												
8709,64	-4,29E+01	7,17E-03	8,96E+01												
8912,51	-4,26E+01	7,41E-03	8,96E+01												
9120,11	-4,23E+01	7,68E-03	8,96E+01												
9332,54	-4,20E+01	7,95E-03	8,95E+01												
9549,93	-4,17E+01	8,25E-03	8,95E+01												
9772,37	-4,14E+01	8,56E-03	8,95E+01												
10000,00	-4,10E+01	8,89E-03	8,95E+01												
10232,90	-4,07E+01	9,24E-03	8,95E+01												
10471,30	-4,03E+01	9,62E-03	8,94E+01												
10715,20	-4,00E+01	1,00E-02	8,94E+01												
10964,80	-3,96E+01	1,05E-02	8,94E+01												
11220,20	-3,92E+01	1,09E-02	8,94E+01												
11481,50	-3,88E+01	1,14E-02	8,93E+01												
11749,00	-3,84E+01	1,20E-02	8,93E+01												
12022,60	-3,80E+01	1,25E-02	8,93E+01												
12302,70	-3,76E+01	1,32E-02	8,92E+01												
12589,30	-3,71E+01	1,39E-02	8,92E+01												
12882,50	-3,67E+01	1,47E-02	8,92E+01												
13182,60	-3,62E+01	1,55E-02	8,91E+01												
13489,60	-3,57E+01	1,65E-02	8,91E+01												
13803,80	-3,51E+01	1,76E-02	8,90E+01												
14125,40	-3,45E+01	1,88E-02	8,89E+01												
14454,40	-3,39E+01	2,02E-02	8,88E+01												
14791,10	-3,32E+01	2,18E-02	8,88E+01												
15135,60	-3,25E+01	2,36E-02	8,86E+01												
15488,20	-3,18E+01	2,58E-02	8,85E+01												
15848,90	-3,09E+01	2,84E-02	8,84E+01												
16218,10	-3,00E+01	3,16E-02	8,82E+01												
16595,90	-2,90E+01	3,55E-02	8,80E+01												
16982,40	-2,78E+01	4,05E-02	8,77E+01												
17378,00	-2,65E+01	4,72E-02	8,73E+01												
17782,80	-2,50E+01	5,65E-02	8,68E+01												
18197,00	-2,31E+01	7,03E-02	8,60E+01												
18620,90	-2,06E+01	9,28E-02	8,47E+01												
19054,60	-1,73E+01	1,36E-01	8,22E+01												
19498,40	-1,19E+01	2,54E-01	7,53E+01												
19952,60	-5,18E-01	9,42E-01	1,96E+01												
20417,40	-1,03E+01	3,07E-01	-7,21E+01												
20893,00	-1,64E+01	1,51E-01	-8,13E+01												
21379,60	-2,01E+01	9,94E-02	-8,43E+01												
21877,60	-2,26E+01	7,40E-02	-8,58E+01												
22387,20	-2,46E+01	5,89E-02	-8,66E+01												
22908,70	-2,62E+01	4,89E-02	-8,72E+01												
23442,30	-2,76E+01	4,18E-02	-8,76E+01												
23988,30	-2,88E+01	3,64E-02	-8,79E+01												
24547,10	-2,98E+01	3,23E-02	-8,81E+01												
25118,90	-3,08E+01	2,90E-02	-8,83E+01												
25704,00	-3,16E+01	2,63E-02	-8,85E+01												
26302,70	-3,24E+01	2,40E-02	-8,86E+01												
26915,30	-3,31E+01	2,21E-02	-8,87E+01												
27542,30	-3,38E+01	2,05E-02	-8,88E+01												
28183,80	-3,44E+01	1,91E-02	-8,89E+01												
28840,30	-3,50E+01	1,78E-02	-8,90E+01												
29512,10	-3,55E+01	1,67E-02	-8,90E+01												
30199,50	-3,61E+01	1,57E-02	-8,91E+01												
30903,00	-3,66E+01	1,48E-02	-8,91E+01												
31622,80	-3,70E+01	1,41E-02	-8,92E+01												
32359,40	-3,75E+01	1,33E-02	-8,92E+01												
33113,10	-3,79E+01	1,27E-02	-8,93E+01												
33884,40	-3,84E+01	1,21E-02	-8,93E+01												
34673,70	-3,88E+01	1,15E-02	-8,93E+01												
35481,30	-3,92E+01	1,10E-02	-8,94E+01												
36307,80	-3,95E+01	1,05E-02	-8,94E+01												
37153,50	-3,99E+01	1,01E-02	-8,94E+01												
38018,90	-4,03E+01	9,70E-03	-8,94E+01												
38904,50	-4,06E+01	9,32E-03	-8,95E+01												
39810,70	-4,10E+01	8,96E-03	-8,95E+01												
40738,00	-4,13E+01	8,62E-03	-8,95E+01												
41686,90	-4,16E+01	8,31E-03	-8,95E+01												
42658,00	-4,19E+01	8,01E-03	-8,95E+01												
43651,60	-4,22E+01	7,73E-03	-8,96E+01												
44668,40	-4,25E+01	7,47E-03	-8,96E+01												
45708,80	-4,28E+01	7,22E-03	-8,96E+01												
46773,50	-4,31E+01	6,98E-03	-8,96E+01												
47863,00	-4,34E+01	6,75E-03	-8,96E+01												
48977,90	-4,37E+01	6,53E-03	-8,96E+01												
50118,70	-4,40E+01	6,33E-03	-8,96E+01												
51286,10	-4,42E+01	6,13E-03	-8,96E+01												
52480,70	-4,45E+01	5,94E-03	-8,97E+01												
53703,20	-4,48E+01	5,77E-03	-8,97E+01												
54954,10	-4,50E+01	5,59E-03	-8,97E+01												
56234,10	-4,53E+01	5,43E-03	-8,97E+01												
57544,00	-4,56E+01	5,27E-03	-8,97E+01												
58884,40	-4,58E+01	5,12E-03	-8,97E+01												
60256,00	-4,61E+01	4,97E-03	-8,97E+01												
61659,50	-4,63E+01	4,83E-03	-8,97E+01												
63095,70	-4,66E+01	4,70E-03	-8,97E+01												
64565,40	-4,68E+01	4,57E-03	-8,97E+01												
66069,30	-4,70E+01	4,44E-03	-8,97E+01												
67608,30	-4,73E+01	4,32E-03	-8,98E+01												
69183,10	-4,75E+01	4,21E-03	-8,98E+01												
70794,60	-4,78E+01	4,09E-03	-8,98E+01												
72443,60	-4,80E+01	3,98E-03	-8,98E+01												
74131,00	-4,82E+01	3,88E-03	-8,98E+01												
75857,80	-4,85E+01	3,78E-03	-8,98E+01												
77624,70	-4,87E+01	3,68E-03	-8,98E+01												
79432,80	-4,89E+01	3,58E-03	-8,98E+01												
81283,10	-4,91E+01	3,49E-03	-8,98E+01												
83176,40	-4,94E+01	3,40E-03	-8,98E+01												
85113,80	-4,96E+01	3,32E-03	-8,98E+01												
87096,40	-4,98E+01	3,23E-03	-8,98E+01												
89125,10	-5,00E+01	3,15E-03	-8,98E+01												
91201,10	-5,03E+01	3,07E-03	-8,98E+01												
93325,40	-5,05E+01	2,99E-03	-8,98E+01												
95499,30	-5,07E+01	2,92E-03	-8,98E+01												
97723,70	-5,09E+01	2,85E-03	-8,98E+01												
100000,00	-5,11E+01	2,78E-03	-8,98E+01												
102329,00	-5,13E+01	2,71E-03	-8,98E+01												
104713,00	-5,16E+01	2,64E-03	-8,98E+01												
107152,00	-5,18E+01	2,58E-03	-8,99E+01												
109648,00	-5,20E+01	2,52E-03	-8,99E+01												
112202,00	-5,22E+01	2,45E-03	-8,99E+01												
114815,00	-5,24E+01	2,40E-03	-8,99E+01												
117490,00	-5,26E+01	2,34E-03	-8,99E+01												
120226,00	-5,28E+01	2,28E-03	-8,99E+01												
123027,00	-5,30E+01	2,23E-03	-8,99E+01												
125893,00	-5,33E+01	2,17E-03	-8,99E+01												
128825,00	-5,35E+01	2,12E-03	-8,99E+01												
131826,00	-5,37E+01	2,07E-03	-8,99E+01												
134896,00	-5,39E+01	2,02E-03	-8,99E+01												
138038,00	-5,41E+01	1,97E-03	-8,99E+01												
141254,00	-5,43E+01	1,93E-03	-8,99E+01												
144544,00	-5,45E+01	1,88E-03	-8,99E+01												
147911,00	-5,47E+01	1,84E-03	-8,99E+01												
151356,00	-5,49E+01	1,79E-03	-8,99E+01												
154882,00	-5,51E+01	1,75E-03	-8,99E+01												
158489,00	-5,53E+01	1,71E-03	-8,99E+01												
162181,00	-5,55E+01	1,67E-03	-8,99E+01												
165959,00	-5,58E+01	1,63E-03	-8,99E+01												
169824,00	-5,60E+01	1,59E-03	-8,99E+01												
173780,00	-5,62E+01	1,56E-03	-8,99E+01												
177828,00	-5,64E+01	1,52E-03	-8,99E+01												
181970,00	-5,66E+01	1,48E-03	-8,99E+01												
186209,00	-5,68E+01	1,45E-03	-8,99E+01												
190546,00	-5,70E+01	1,42E-03	-8,99E+01												
194984,00	-5,72E+01	1,38E-03	-8,99E+01												
199526,00	-5,74E+01	1,35E-03	-8,99E+01												
204174,00	-5,76E+01	1,32E-03	-8,99E+01												
208930,00	-5,78E+01	1,29E-03	-8,99E+01												
213796,00	-5,80E+01	1,26E-03	-8,99E+01												
218776,00	-5,82E+01	1,23E-03	-8,99E+01												
223872,00	-5,84E+01	1,20E-03	-8,99E+01												
229087,00	-5,86E+01	1,17E-03	-8,99E+01												
234423,00	-5,88E+01	1,15E-03	-8,99E+01												
239883,00	-5,90E+01	1,12E-03	-8,99E+01												
245471,00	-5,92E+01	1,09E-03	-8,99E+01												
251189,00	-5,94E+01	1,07E-03	-8,99E+01												
257040,00	-5,96E+01	1,04E-03	-8,99E+01												
263027,00	-5,98E+01	1,02E-03	-8,99E+01												
269153,00	-6,00E+01	9,96E-04	-8,99E+01												
275423,00	-6,02E+01	9,73E-04	-8,99E+01												
281838,00	-6,04E+01	9,51E-04	-8,99E+01												
288403,00	-6,06E+01	9,29E-04	-8,99E+01												
295121,00	-6,08E+01	9,08E-04	-8,99E+01												
301995,00	-6,10E+01	8,87E-04	-8,99E+01												
309030,00	-6,12E+01	8,67E-04	-9,00E+01												
316228,00	-6,14E+01	8,47E-04	-9,00E+01												
323594,00	-6,16E+01	8,27E-04	-9,00E+01												
331131,00	-6,18E+01	8,08E-04	-9,00E+01												
338844,00	-6,21E+01	7,90E-04	-9,00E+01												
346737,00	-6,23E+01	7,72E-04	-9,00E+01												
354813,00	-6,25E+01	7,54E-04	-9,00E+01												
363078,00	-6,27E+01	7,37E-04	-9,00E+01												
371535,00	-6,29E+01	7,20E-04	-9,00E+01												
380189,00	-6,31E+01	7,03E-04	-9,00E+01												
389045,00	-6,33E+01	6,87E-04	-9,00E+01												
398107,00	-6,35E+01	6,72E-04	-9,00E+01												
407380,00	-6,37E+01	6,56E-04	-9,00E+01												
416869,00	-6,39E+01	6,41E-04	-9,00E+01												
426580,00	-6,41E+01	6,27E-04	-9,00E+01												
436516,00	-6,43E+01	6,12E-04	-9,00E+01												
446684,00	-6,45E+01	5,98E-04	-9,00E+01												
457088,00	-6,47E+01	5,85E-04	-9,00E+01												
467735,00	-6,49E+01	5,71E-04	-9,00E+01												
478630,00	-6,51E+01	5,58E-04	-9,00E+01												
489779,00	-6,53E+01	5,45E-04	-9,00E+01												
501187,00	-6,55E+01	5,33E-04	-9,00E+01												
512861,00	-6,57E+01	5,21E-04	-9,00E+01												
524807,00	-6,59E+01	5,09E-04	-9,00E+01												
537032,00	-6,61E+01	4,97E-04	-9,00E+01												
549541,00	-6,63E+01	4,86E-04	-9,00E+01												
562341,00	-6,65E+01	4,75E-04	-9,00E+01												
575440,00	-6,67E+01	4,64E-04	-9,00E+01												
588844,00	-6,69E+01	4,53E-04	-9,00E+01												
602560,00	-6,71E+01	4,43E-04	-9,00E+01												
616595,00	-6,73E+01	4,33E-04	-9,00E+01												
630957,00	-6,75E+01	4,23E-04	-9,00E+01												
645654,00	-6,77E+01	4,13E-04	-9,00E+01												
660693,00	-6,79E+01	4,04E-04	-9,00E+01												
676083,00	-6,81E+01	3,95E-04	-9,00E+01												
691831,00	-6,83E+01	3,86E-04	-9,00E+01												
707946,00	-6,85E+01	3,77E-04	-9,00E+01												
724436,00	-6,87E+01	3,68E-04	-9,00E+01												
741310,00	-6,89E+01	3,60E-04	-9,00E+01												
758578,00	-6,91E+01	3,52E-04	-9,00E+01												
776247,00	-6,93E+01	3,44E-04	-9,00E+01												
794328,00	-6,95E+01	3,36E-04	-9,00E+01												
812831,00	-6,97E+01	3,28E-04	-9,00E+01												
831764,00	-6,99E+01	3,21E-04	-9,00E+01												
851138,00	-7,01E+01	3,13E-04	-9,00E+01												
870964,00	-7,03E+01	3,06E-04	-9,00E+01												
891251,00	-7,05E+01	2,99E-04	-9,00E+01												
912011,00	-7,07E+01	2,93E-04	-9,00E+01												
933254,00	-7,09E+01	2,86E-04	-9,00E+01												
954993,00	-7,11E+01	2,79E-04	-9,00E+01												
977237,00	-7,13E+01	2,73E-04	-9,00E+01												
1000000,00	-7,15E+01	2,67E-04	-9,00E+01												
1023290,00	-7,17E+01	2,61E-04	-9,00E+01												
1047130,00	-7,19E+01	2,55E-04	-9,00E+01												
1071520,00	-7,21E+01	2,49E-04	-9,00E+01												
1096480,00	-7,23E+01	2,43E-04	-9,00E+01												
1122020,00	-7,25E+01	2,38E-04	-9,00E+01												
1148150,00	-7,27E+01	2,32E-04	-9,00E+01												
1174900,00	-7,29E+01	2,27E-04	-9,00E+01												
1202260,00	-7,31E+01	2,22E-04	-9,00E+01												
1230270,00	-7,33E+01	2,17E-04	-9,00E+01												
1258930,00	-7,35E+01	2,12E-04	-9,00E+01												
1288250,00	-7,37E+01	2,07E-04	-9,00E+01												
1318260,00	-7,39E+01	2,02E-04	-9,00E+01												
1348960,00	-7,41E+01	1,98E-04	-9,00E+01												
1380380,00	-7,43E+01	1,93E-04	-9,00E+01												
1412540,00	-7,45E+01	1,89E-04	-9,00E+01												
1445440,00	-7,47E+01	1,85E-04	-9,00E+01												
1479110,00	-7,49E+01	1,80E-04	-9,00E+01												
1513560,00	-7,51E+01	1,76E-04	-9,00E+01												
1548820,00	-7,53E+01	1,72E-04	-9,00E+01												
1584890,00	-7,55E+01	1,68E-04	-9,00E+01												
1621810,00	-7,57E+01	1,64E-04	-9,00E+01												
1659590,00	-7,59E+01	1,61E-04	-9,00E+01												
1698240,00	-7,61E+01	1,57E-04	-9,00E+01												
1737800,00	-7,63E+01	1,53E-04	-9,00E+01												
1778280,00	-7,65E+01	1,50E-04	-9,00E+01												
1819700,00	-7,67E+01	1,47E-04	-9,00E+01												
1862090,00	-7,69E+01	1,43E-04	-9,00E+01												
1905460,00	-7,71E+01	1,40E-04	-9,00E+01												
1949840,00	-7,73E+01	1,37E-04	-9,00E+01												
1995260,00	-7,75E+01	1,34E-04	-9,00E+01												
2041740,00	-7,77E+01	1,31E-04	-9,00E+01												
2089300,00	-7,79E+01	1,28E-04	-9,00E+01												
2137960,00	-7,81E+01	1,25E-04	-9,00E+01												
2187760,00	-7,83E+01	1,22E-04	-9,00E+01												
2238720,00	-7,85E+01	1,19E-04	-9,00E+01												
2290870,00	-7,87E+01	1,16E-04	-9,00E+01												
2344230,00	-7,89E+01	1,14E-04	-9,00E+01												
2398830,00	-7,91E+01	1,11E-04	-9,00E+01												
2454710,00	-7,93E+01	1,09E-04	-9,00E+01												
2511890,00	-7,95E+01	1,06E-04	-9,00E+01												
2570400,00	-7,97E+01	1,04E-04	-9,00E+01												
2630270,00	-7,99E+01	1,01E-04	-9,00E+01												
2691530,00	-8,01E+01	9,91E-05	-9,00E+01												
2754230,00	-8,03E+01	9,68E-05	-9,00E+01												
2818380,00	-8,05E+01	9,46E-05	-9,00E+01												
2884030,00	-8,07E+01	9,25E-05	-9,00E+01												
2951210,00	-8,09E+01	9,04E-05	-9,00E+01												
3019950,00	-8,11E+01	8,83E-05	-9,00E+01												
3090300,00	-8,13E+01	8,63E-05	-9,00E+01												
3162280,00	-8,15E+01	8,43E-05	-9,00E+01												
3235940,00	-8,17E+01	8,24E-05	-9,00E+01												
3311310,00	-8,19E+01	8,05E-05	-9,00E+01												
3388440,00	-8,21E+01	7,87E-05	-9,00E+01												
3467370,00	-8,23E+01	7,69E-05	-9,00E+01												
3548130,00	-8,25E+01	7,52E-05	-9,00E+01												
3630780,00	-8,27E+01	7,34E-05	-9,00E+01												
3715350,00	-8,29E+01	7,18E-05	-9,00E+01												
3801890,00	-8,31E+01	7,01E-05	-9,00E+01												
3890450,00	-8,33E+01	6,85E-05	-9,00E+01												
3981070,00	-8,35E+01	6,70E-05	-9,00E+01												
4073800,00	-8,37E+01	6,55E-05	-9,00E+01												
4168690,00	-8,39E+01	6,40E-05	-9,00E+01												
4265800,00	-8,41E+01	6,25E-05	-9,00E+01												
4365160,00	-8,43E+01	6,11E-05	-9,00E+01												
4466840,00	-8,45E+01	5,97E-05	-9,00E+01												
4570880,00	-8,47E+01	5,83E-05	-9,00E+01												
4677350,00	-8,49E+01	5,70E-05	-9,00E+01												
4786300,00	-8,51E+01	5,57E-05	-9,00E+01												
4897790,00	-8,53E+01	5,44E-05	-9,00E+01												
5011870,00	-8,55E+01	5,32E-05	-9,00E+01												
5128610,00	-8,57E+01	5,20E-05	-9,00E+01												
5248070,00	-8,59E+01	5,08E-05	-9,00E+01												
5370320,00	-8,61E+01	4,97E-05	-9,00E+01												
5495410,00	-8,63E+01	4,85E-05	-9,00E+01												
5623410,00	-8,65E+01	4,74E-05	-9,00E+01												
5754400,00	-8,67E+01	4,63E-05	-9,00E+01												
5888440,00	-8,69E+01	4,53E-05	-9,00E+01												
6025600,00	-8,71E+01	4,43E-05	-9,00E+01												
6165950,00	-8,73E+01	4,32E-05	-9,00E+01												
6309570,00	-8,75E+01	4,23E-05	-9,00E+01												
6456540,00	-8,77E+01	4,13E-05	-9,00E+01												
6606930,00	-8,79E+01	4,04E-05	-9,00E+01												
6760830,00	-8,81E+01	3,94E-05	-9,00E+01												
6918310,00	-8,83E+01	3,85E-05	-9,00E+01												
7079460,00	-8,85E+01	3,77E-05	-9,00E+01												
7244360,00	-8,87E+01	3,68E-05	-9,00E+01												
7413100,00	-8,89E+01	3,60E-05	-9,00E+01												
7585780,00	-8,91E+01	3,52E-05	-9,00E+01												
7762470,00	-8,93E+01	3,44E-05	-9,00E+01												
7943280,00	-8,95E+01	3,36E-05	-9,00E+01												
8128310,00	-8,97E+01	3,28E-05	-9,00E+01												
8317640,00	-8,99E+01	3,21E-05	-9,00E+01												
8511380,00	-9,01E+01	3,13E-05	-9,00E+01												
8709640,00	-9,03E+01	3,06E-05	-9,00E+01												
8912510,00	-9,05E+01	2,99E-05	-9,00E+01												
9120110,00	-9,07E+01	2,92E-05	-9,00E+01												
9332540,00	-9,09E+01	2,86E-05	-9,00E+01												
9549930,00	-9,11E+01	2,79E-05	-9,00E+01												
9772370,00	-9,13E+01	2,73E-05	-9,00E+01												
10000000,00	-9,15E+01	2,67E-05	-9,00E+01												
10232900,00	-9,17E+01	2,61E-05	-9,00E+01												
10471300,00	-9,19E+01	2,55E-05	-9,00E+01												
10715200,00	-9,21E+01	2,49E-05	-9,00E+01												
10964800,00	-9,23E+01	2,43E-05	-9,00E+01												
11220200,00	-9,25E+01	2,38E-05	-9,00E+01												
11481500,00	-9,27E+01	2,32E-05	-9,00E+01												
11749000,00	-9,29E+01	2,27E-05	-9,00E+01												
12022600,00	-9,31E+01	2,22E-05	-9,00E+01												
12302700,00	-9,33E+01	2,17E-05	-9,00E+01												
12589300,00	-9,35E+01	2,12E-05	-9,00E+01												
12882500,00	-9,37E+01	2,07E-05	-9,00E+01												
13182600,00	-9,39E+01	2,02E-05	-9,00E+01												
13489600,00	-9,41E+01	1,98E-05	-9,00E+01												
13803800,00	-9,43E+01	1,93E-05	-9,00E+01												
14125400,00	-9,45E+01	1,89E-05	-9,00E+01												
14454400,00	-9,47E+01	1,84E-05	-9,00E+01												
14791100,00	-9,49E+01	1,80E-05	-9,00E+01												
15135600,00	-9,51E+01	1,76E-05	-9,00E+01												
15488200,00	-9,53E+01	1,72E-05	-9,00E+01												
15848900,00	-9,55E+01	1,68E-05	-9,00E+01												
16218100,00	-9,57E+01	1,64E-05	-9,00E+01												
16595900,00	-9,59E+01	1,61E-05	-9,00E+01												
16982400,00	-9,61E+01	1,57E-05	-9,00E+01												
17378000,00	-9,63E+01	1,53E-05	-9,00E+01												
17782800,00	-9,65E+01	1,50E-05	-9,00E+01												
18197000,00	-9,67E+01	1,47E-05	-9,00E+01												
18620900,00	-9,69E+01	1,43E-05	-9,00E+01												
19054600,00	-9,71E+01	1,40E-05	-9,00E+01												
19498400,00	-9,73E+01	1,37E-05	-9,00E+01												
19952600,00	-9,75E+01	1,34E-05	-9,00E+01												
20417400,00	-9,77E+01	1,31E-05	-9,00E+01												
20893000,00	-9,79E+01	1,28E-05	-9,00E+01												
21379600,00	-9,81E+01	1,25E-05	-9,00E+01												
21877600,00	-9,83E+01	1,22E-05	-9,00E+01												
22387200,00	-9,85E+01	1,19E-05	-9,00E+01												
22908700,00	-9,87E+01	1,16E-05	-9,00E+01												
23442300,00	-9,89E+01	1,14E-05	-9,00E+01												
23988300,00	-9,91E+01	1,11E-05	-9,00E+01												
24547100,00	-9,93E+01	1,09E-05	-9,00E+01												
25118900,00	-9,95E+01	1,06E-05	-9,00E+01												
25704000,00	-9,97E+01	1,04E-05	-9,00E+01												
26302700,00	-9,99E+01	1,01E-05	-9,00E+01												
26915300,00	-1,00E+02	9,91E-06	-9,00E+01												
27542300,00	-1,00E+02	9,68E-06	-9,00E+01												
28183800,00	-1,00E+02	9,46E-06	-9,00E+01												
28840300,00	-1,01E+02	9,25E-06	-9,00E+01												
29512100,00	-1,01E+02	9,04E-06	-9,00E+01												
30199500,00	-1,01E+02	8,83E-06	-9,00E+01												
30903000,00	-1,01E+02	8,63E-06	-9,00E+01												
31622800,00	-1,01E+02	8,43E-06	-9,00E+01												
32359400,00	-1,02E+02	8,24E-06	-9,00E+01												
33113100,00	-1,02E+02	8,05E-06	-9,00E+01												
33884400,00	-1,02E+02	7,87E-06	-9,00E+01												
34673700,00	-1,02E+02	7,69E-06	-9,00E+01												
35481300,00	-1,02E+02	7,52E-06	-9,00E+01												
36307800,00	-1,03E+02	7,34E-06	-9,00E+01												
37153500,00	-1,03E+02	7,18E-06	-9,00E+01												
38018900,00	-1,03E+02	7,01E-06	-9,00E+01												
38904500,00	-1,03E+02	6,85E-06	-9,00E+01												
39810700,00	-1,03E+02	6,70E-06	-9,00E+01												
40738000,00	-1,04E+02	6,55E-06	-9,00E+01												
41686900,00	-1,04E+02	6,40E-06	-9,00E+01												
42658000,00	-1,04E+02	6,25E-06	-9,00E+01												
43651600,00	-1,04E+02	6,11E-06	-9,00E+01												
44668400,00	-1,04E+02	5,97E-06	-9,00E+01												
45708800,00	-1,05E+02	5,83E-06	-9,00E+01												
46773500,00	-1,05E+02	5,70E-06	-9,00E+01												
47863000,00	-1,05E+02	5,57E-06	-9,00E+01												
48977900,00	-1,05E+02	5,44E-06	-9,00E+01												
50118700,00	-1,05E+02	5,32E-06	-9,00E+01												
51286100,00	-1,06E+02	5,20E-06	-9,00E+01												
52480700,00	-1,06E+02	5,08E-06	-9,00E+01												
53703200,00	-1,06E+02	4,97E-06	-9,00E+01												
54954100,00	-1,06E+02	4,85E-06	-9,00E+01												
56234100,00	-1,06E+02	4,74E-06	-9,00E+01												
57544000,00	-1,07E+02	4,63E-06	-9,00E+01												
58884400,00	-1,07E+02	4,53E-06	-9,00E+01												
60256000,00	-1,07E+02	4,43E-06	-9,00E+01												
61659500,00	-1,07E+02	4,32E-06	-9,00E+01												
63095700,00	-1,07E+02	4,23E-06	-9,00E+01												
64565400,00	-1,08E+02	4,13E-06	-9,00E+01												
66069300,00	-1,08E+02	4,04E-06	-9,00E+01												
67608300,00	-1,08E+02	3,94E-06	-9,00E+01												
69183100,00	-1,08E+02	3,85E-06	-9,00E+01												
70794600,00	-1,08E+02	3,77E-06	-9,00E+01												
72443600,00	-1,09E+02	3,68E-06	-9,00E+01												
74131000,00	-1,09E+02	3,60E-06	-9,00E+01												
75857800,00	-1,09E+02	3,52E-06	-9,00E+01												
77624700,00	-1,09E+02	3,44E-06	-9,00E+01												
79432800,00	-1,09E+02	3,36E-06	-9,00E+01												
81283100,00	-1,10E+02	3,28E-06	-9,00E+01												
83176400,00	-1,10E+02	3,21E-06	-9,00E+01												
85113800,00	-1,10E+02	3,13E-06	-9,00E+01												
87096400,00	-1,10E+02	3,06E-06	-9,00E+01												
89125100,00	-1,10E+02	2,99E-06	-9,00E+01												
91201100,00	-1,11E+02	2,92E-06	-9,00E+01												
93325400,00	-1,11E+02	2,86E-06	-9,00E+01												
95499300,00	-1,11E+02	2,79E-06	-9,00E+01												
97723700,00	-1,11E+02	2,73E-06	-9,00E+01												
100000000,00	-1,11E+02	2,67E-06	-9,00E+01												
102329000,00	-1,12E+02	2,61E-06	-9,00E+01												
104713000,00	-1,12E+02	2,55E-06	-9,00E+01												
107152000,00	-1,12E+02	2,49E-06	-9,00E+01												
109648000,00	-1,12E+02	2,43E-06	-9,00E+01												
112202000,00	-1,12E+02	2,38E-06	-9,00E+01												
114815000,00	-1,13E+02	2,32E-06	-9,00E+01												
117490000,00	-1,13E+02	2,27E-06	-9,00E+01												
120226000,00	-1,13E+02	2,22E-06	-9,00E+01												
123027000,00	-1,13E+02	2,17E-06	-9,00E+01												
125893000,00	-1,13E+02	2,12E-06	-9,00E+01												
128825000,00	-1,14E+02	2,07E-06	-9,00E+01												
131826000,00	-1,14E+02	2,02E-06	-9,00E+01												
134896000,00	-1,14E+02	1,98E-06	-9,00E+01												
138038000,00	-1,14E+02	1,93E-06	-9,00E+01												
141254000,00	-1,14E+02	1,89E-06	-9,00E+01												
144544000,00	-1,15E+02	1,84E-06	-9,00E+01												
147911000,00	-1,15E+02	1,80E-06	-9,00E+01												
151356000,00	-1,15E+02	1,76E-06	-9,00E+01												
154882000,00	-1,15E+02	1,72E-06	-9,00E+01												
158489000,00	-1,15E+02	1,68E-06	-9,00E+01												
162181000,00	-1,16E+02	1,64E-06	-9,00E+01												
165959000,00	-1,16E+02	1,61E-06	-9,00E+01												
169824000,00	-1,16E+02	1,57E-06	-9,00E+01												
173780000,00	-1,16E+02	1,53E-06	-9,00E+01												
177828000,00	-1,16E+02	1,50E-06	-9,00E+01												
181970000,00	-1,17E+02	1,47E-06	-9,00E+01												
186209000,00	-1,17E+02	1,43E-06	-9,00E+01												
190546000,00	-1,17E+02	1,40E-06	-9,00E+01												
194984000,00	-1,17E+02	1,37E-06	-9,00E+01												
199526000,00	-1,17E+02	1,34E-06	-9,00E+01												
204174000,00	-1,18E+02	1,31E-06	-9,00E+01												
208930000,00	-1,18E+02	1,28E-06	-9,00E+01												
213796000,00	-1,18E+02	1,25E-06	-9,00E+01												
218776000,00	-1,18E+02	1,22E-06	-9,00E+01												
223872000,00	-1,18E+02	1,19E-06	-9,00E+01												
229087000,00	-1,19E+02	1,16E-06	-9,00E+01												
234423000,00	-1,19E+02	1,14E-06	-9,00E+01												
239883000,00	-1,19E+02	1,11E-06	-9,00E+01												
245471000,00	-1,19E+02	1,09E-06	-9,00E+01												
251189000,00	-1,19E+02	1,06E-06	-9,00E+01												
257040000,00	-1,20E+02	1,04E-06	-9,00E+01												
263027000,00	-1,20E+02	1,01E-06	-9,00E+01												
269153000,00	-1,20E+02	9,91E-07	-9,00E+01												
275423000,00	-1,20E+02	9,68E-07	-9,00E+01												
281838000,00	-1,20E+02	9,46E-07	-9,00E+01												
288403000,00	-1,21E+02	9,25E-07	-9,00E+01												
295121000,00	-1,21E+02	9,04E-07	-9,00E+01												
301995000,00	-1,21E+02	8,83E-07	-9,00E+01												
309030000,00	-1,21E+02	8,63E-07	-9,00E+01												
316228000,00	-1,21E+02	8,43E-07	-9,00E+01												
323594000,00	-1,22E+02	8,24E-07	-9,00E+01												
331131000,00	-1,22E+02	8,05E-07	-9,00E+01												
338844000,00	-1,22E+02	7,87E-07	-9,00E+01												
346737000,00	-1,22E+02	7,69E-07	-9,00E+01												
354813000,00	-1,22E+02	7,52E-07	-9,00E+01												
363078000,00	-1,23E+02	7,34E-07	-9,00E+01												
371535000,00	-1,23E+02	7,18E-07	-9,00E+01												
380189000,00	-1,23E+02	7,01E-07	-9,00E+01												
389045000,00	-1,23E+02	6,85E-07	-9,00E+01												
398107000,00	-1,23E+02	6,70E-07	-9,00E+01												
407380000,00	-1,24E+02	6,55E-07	-9,00E+01												
416869000,00	-1,24E+02	6,40E-07	-9,00E+01												
426580000,00	-1,24E+02	6,25E-07	-9,00E+01												
436516000,00	-1,24E+02	6,11E-07	-9,00E+01												
446684000,00	-1,24E+02	5,97E-07	-9,00E+01												
457088000,00	-1,25E+02	5,83E-07	-9,00E+01												
467735000,00	-1,25E+02	5,70E-07	-9,00E+01												
478630000,00	-1,25E+02	5,57E-07	-9,00E+01												
489779000,00	-1,25E+02	5,44E-07	-9,00E+01												
501187000,00	-1,25E+02	5,32E-07	-9,00E+01												
512861000,00	-1,26E+02	5,20E-07	-9,00E+01												
524807000,00	-1,26E+02	5,08E-07	-9,00E+01												
537032000,00	-1,26E+02	4,97E-07	-9,00E+01												
549541000,00	-1,26E+02	4,85E-07	-9,00E+01												
562341000,00	-1,26E+02	4,74E-07	-9,00E+01												
575440000,00	-1,27E+02	4,63E-07	-9,00E+01												
588844000,00	-1,27E+02	4,53E-07	-9,00E+01												
602560000,00	-1,27E+02	4,43E-07	-9,00E+01												
616595000,00	-1,27E+02	4,32E-07	-9,00E+01												
630957000,00	-1,27E+02	4,23E-07	-9,00E+01												
645654000,00	-1,28E+02	4,13E-07	-9,00E+01												
660693000,00	-1,28E+02	4,04E-07	-9,00E+01												
676083000,00	-1,28E+02	3,94E-07	-9,00E+01												
691831000,00	-1,28E+02	3,85E-07	-9,00E+01												
707946000,00	-1,28E+02	3,77E-07	-9,00E+01												
724436000,00	-1,29E+02	3,68E-07	-9,00E+01												
741310000,00	-1,29E+02	3,60E-07	-9,00E+01												
758578000,00	-1,29E+02	3,52E-07	-9,00E+01												
776247000,00	-1,29E+02	3,44E-07	-9,00E+01												
794328000,00	-1,29E+02	3,36E-07	-9,00E+01												
812831000,00	-1,30E+02	3,28E-07	-9,00E+01												
831764000,00	-1,30E+02	3,21E-07	-9,00E+01												
851138000,00	-1,30E+02	3,13E-07	-9,00E+01												
870964000,00	-1,30E+02	3,06E-07	-9,00E+01												
891251000,00	-1,30E+02	2,99E-07	-9,00E+01												
912011000,00	-1,31E+02	2,92E-07	-9,00E+01												
933254000,00	-1,31E+02	2,86E-07	-9,00E+01												
954993000,00	-1,31E+02	2,79E-07	-9,00E+01												
977237000,00	-1,31E+02	2,73E-07	-9,00E+01												
1000000000,00	-1,31E+02	2,67E-07	-9,00E+01												
